#Substrate Graph
# noVertices
100
# noArcs
230
# Vertices: id cost cpu group
0 12 5177 10
1 15 2063 10
2 30 1211 10
3 31 6216 10
4 40 8578 10
5 30 1852 10
6 8 12865 14
7 15 179 10
8 9 25095 14
9 10 7355 14
10 21 29108 14
11 7 11797 39
12 43 1728 10
13 15 14951 14
14 31 5239 3
15 7 1346 3
16 32 14817 14
17 10 22523 14
18 14 17132 14
19 19 2817 10
20 18 507 10
21 23 11436 20
22 14 3371 20
23 6 1820 20
24 25 5429 14
25 31 3284 3
26 7 20335 14
27 20 2546 3
28 24 5567 28
29 25 1879 3
30 32 6734 4
31 23 2570 14
32 33 12680 7
33 21 5023 7
34 16 7172 36
35 24 4732 7
36 33 3471 7
37 13 4689 20
38 33 685 7
39 33 4570 28
40 37 1928 20
41 10 21198 14
42 31 3647 4
43 40 1533 7
44 32 1270 7
45 30 4689 36
46 50 8424 14
47 2 1057 7
48 34 4114 28
49 19 2407 20
50 45 3479 7
51 34 8030 14
52 24 8118 11
53 45 2246 7
54 12 388 7
55 30 2162 20
56 3 8182 2
57 23 3683 4
58 47 2452 7
59 6 6147 0
60 6 416 7
61 47 3354 2
62 25 1366 10
63 34 8526 37
64 41 1976 20
65 13 2232 0
66 24 1156 20
67 38 3729 11
68 11 1803 2
69 31 842 7
70 42 2901 14
71 3 3344 11
72 43 2610 0
73 30 11058 29
74 41 1467 20
75 38 1723 11
76 5 2429 20
77 48 2960 14
78 28 1632 20
79 13 2088 0
80 8 1774 7
81 37 977 20
82 41 4499 14
83 16 1319 14
84 41 2308 7
85 17 703 20
86 19 1647 20
87 27 12310 31
88 7 3763 2
89 23 1233 20
90 1 855 2
91 21 2658 11
92 21 512 2
93 8 2311 2
94 8 3893 28
95 8 10404 16
96 24 8251 37
97 29 929 7
98 10 3821 36
99 23 2032 2
# Arcs: idS idT bandwidth cost delay
0 1 759 46 10
1 0 490 9 33
0 3 1679 38 9
3 0 1718 46 24
1 2 276 5 12
2 1 137 24 7
3 4 2168 24 38
4 3 2690 12 8
3 62 378 12 36
62 3 323 49 39
4 5 383 33 17
5 4 366 45 32
4 6 4181 13 7
6 4 4333 3 26
4 7 24 5 19
7 4 44 36 18
4 12 357 43 15
12 4 442 19 38
4 19 650 46 40
19 4 616 6 39
4 20 118 25 19
20 4 55 13 15
6 8 3988 42 13
8 6 4854 43 13
6 9 3266 48 20
9 6 2583 42 23
8 10 6106 4 25
10 8 6451 40 19
8 17 9099 37 7
17 8 9766 28 22
8 26 3249 40 34
26 8 3717 29 20
8 11 1764 4 36
11 8 1432 43 5
9 16 2419 41 6
16 9 2201 29 21
10 11 1933 39 14
11 10 1682 27 26
10 13 3263 4 30
13 10 3168 19 31
10 24 1185 11 37
24 10 924 14 29
10 28 1511 8 10
28 10 1656 30 24
10 41 5465 42 30
41 10 7788 1 10
10 31 665 41 34
31 10 905 7 23
10 26 4038 22 40
26 10 3845 19 17
10 18 5339 24 10
18 10 4641 17 33
13 14 2406 12 21
14 13 2215 42 27
13 16 4344 6 40
16 13 4661 37 15
13 18 3142 11 25
18 13 2768 35 31
14 15 292 46 38
15 14 289 35 39
14 25 727 7 33
25 14 800 49 21
14 27 460 35 36
27 14 585 41 11
14 29 369 26 34
29 14 455 42 13
16 21 5692 38 22
21 16 4859 11 20
17 34 2546 2 20
34 17 2409 47 14
17 46 3190 10 10
46 17 3226 39 22
17 51 3539 12 21
51 17 2278 5 33
17 70 538 23 11
70 17 998 6 19
18 32 5278 16 38
32 18 5939 40 26
18 41 2787 46 11
41 18 2298 6 18
18 77 460 20 10
77 18 322 5 30
21 22 582 21 38
22 21 751 36 33
21 23 402 1 19
23 21 480 11 6
21 37 1969 21 25
37 21 1628 43 12
21 49 1035 43 6
49 21 892 33 22
21 64 559 15 31
64 21 355 41 38
21 78 426 25 6
78 21 326 37 20
21 81 240 16 8
81 21 193 11 40
21 86 358 17 20
86 21 374 50 25
24 26 699 48 20
26 24 1387 20 6
24 31 27 34 33
31 24 186 45 20
24 82 610 31 28
82 24 367 50 21
24 28 1343 10 14
28 24 512 42 40
26 30 2251 29 25
30 26 2582 35 33
26 52 2646 3 34
52 26 2216 46 26
26 95 2351 32 11
95 26 2841 48 20
26 82 680 34 32
82 26 757 37 8
28 39 2338 6 18
39 28 1720 25 5
30 42 599 19 13
42 30 710 18 20
30 57 718 1 6
57 30 876 43 6
31 82 290 23 29
82 31 716 17 6
32 33 1763 16 15
33 32 1742 31 21
32 35 1737 3 31
35 32 1362 10 25
32 38 100 5 10
38 32 155 44 18
32 44 237 16 18
44 32 251 19 34
32 50 787 10 23
50 32 591 3 22
32 58 523 35 39
58 32 661 21 29
32 60 131 33 10
60 32 74 17 8
32 80 350 7 37
80 32 374 3 7
32 84 575 38 31
84 32 675 32 33
33 47 203 40 38
47 33 173 19 12
33 53 760 20 39
53 33 422 11 40
33 35 268 46 36
35 33 499 44 18
34 45 1788 10 38
45 34 1604 44 18
35 36 972 43 6
36 35 937 2 29
35 43 297 23 24
43 35 365 35 11
37 40 526 44 21
40 37 508 41 15
37 74 292 21 21
74 37 327 49 31
37 76 591 17 32
76 37 526 8 40
37 85 145 19 17
85 37 94 22 40
39 48 1710 3 29
48 39 1343 8 16
40 66 216 20 40
66 40 266 16 28
41 56 3778 33 16
56 41 3546 35 37
41 77 726 31 9
77 41 637 33 28
41 87 2169 20 24
87 41 3915 10 9
41 59 2151 42 21
59 41 2364 41 16
45 98 906 18 13
98 45 1051 17 21
46 73 2789 20 24
73 46 2806 33 13
48 94 1244 31 33
94 48 902 44 16
49 55 568 6 36
55 49 564 25 33
49 89 236 12 37
89 49 313 32 33
50 54 66 48 15
54 50 49 16 30
50 59 694 9 38
59 50 596 49 35
50 97 249 27 28
97 50 134 22 25
51 63 2950 6 10
63 51 2733 38 9
51 70 935 14 6
70 51 406 19 14
52 67 942 36 34
67 52 883 34 7
52 71 715 4 10
71 52 926 22 39
52 75 381 29 18
75 52 365 4 8
52 91 760 10 9
91 52 542 19 24
52 82 915 11 26
82 52 751 6 16
53 69 231 43 5
69 53 172 22 27
56 61 695 2 24
61 56 638 42 14
56 68 635 37 25
68 56 442 21 9
56 88 979 8 6
88 56 852 3 18
56 93 614 4 24
93 56 477 17 15
56 99 432 2 9
99 56 492 26 34
59 65 757 12 29
65 59 724 50 10
59 72 608 21 18
72 59 496 16 12
63 96 1828 42 9
96 63 1590 9 17
65 79 457 41 20
79 65 542 35 17
68 92 104 25 22
92 68 60 43 40
77 83 380 22 18
83 77 281 37 16
88 90 128 41 15
90 88 137 34 25
93 99 208 41 14
99 93 49 49 19
# noSlices
40
#Virtual Graph
# noVertices
9
# noArcs
8
# Vertices: id cpu
0 90
1 54
2 90
3 81
4 45
5 45
6 27
7 27
8 72
# Arcs: idS idT bandwidth delay
0 1 18 293
0 2 30 293
0 3 27 293
1 4 15 293
1 5 15 293
5 6 9 293
5 7 9 293
0 8 24 293
# Mapping
132
# Mapping pairs
5 95
5 83
5 79
5 77
5 72
5 46
5 41
5 27
5 26
5 24
5 19
5 18
5 17
5 10
5 9
5 6
5 5
5 25
5 2
5 51
1 95
5 7
1 83
1 82
1 77
5 59
1 72
5 4
1 63
5 1
1 62
1 59
5 62
1 42
1 31
1 29
1 57
1 27
5 3
1 26
1 46
1 25
5 0
1 24
1 17
5 29
1 15
1 14
1 13
5 70
1 79
1 12
1 9
1 8
1 96
1 70
1 6
1 5
5 20
1 3
5 82
1 2
8 2
8 3
5 8
8 12
1 7
5 57
5 30
1 19
5 63
5 12
8 62
5 65
7 41
7 26
7 10
8 19
8 0
7 17
5 42
1 18
7 18
5 14
7 16
7 24
7 46
7 51
6 59
7 83
8 20
5 15
8 1
1 16
5 16
6 65
7 8
6 72
7 70
8 5
1 51
4 14
5 13
1 1
1 65
7 13
4 25
4 27
7 9
7 77
5 96
3 96
1 0
7 6
1 10
3 63
1 41
1 4
2 30
8 4
2 42
5 31
2 57
1 20
7 31
6 79
4 29
4 15
1 30
0 95
8 7
7 82
# Substrate Size
100
# Slice Type
0
#Virtual Graph
# noVertices
12
# noArcs
11
# Vertices: id cpu
0 72
1 30
2 48
3 12
4 18
5 30
6 42
7 36
8 12
9 12
10 24
11 36
# Arcs: idS idT bandwidth delay
0 1 10 293
0 2 16 293
1 3 4 293
1 4 6 293
1 5 10 293
2 6 14 293
2 7 12 293
3 8 4 293
3 9 4 293
6 10 8 293
6 11 12 293
# Mapping
305
# Mapping pairs
6 99
6 97
6 95
6 93
6 90
6 88
6 87
6 84
6 69
6 64
6 62
6 79
6 61
6 60
6 59
6 58
6 57
6 56
6 74
6 50
6 44
6 42
6 40
6 38
6 37
6 33
6 32
6 54
6 23
6 21
6 20
6 66
6 12
6 3
3 99
3 97
6 2
3 92
3 88
3 87
3 85
3 79
3 76
6 86
6 0
3 72
3 78
3 68
3 65
3 62
3 60
3 59
3 57
3 56
3 49
3 44
3 42
3 40
3 36
3 32
3 22
3 21
3 5
3 43
2 97
2 95
2 92
6 43
3 30
2 90
2 89
3 19
2 85
3 23
2 81
2 80
2 79
2 78
3 12
2 76
3 0
2 72
3 3
2 69
3 4
2 68
2 66
6 49
3 7
2 65
2 62
2 61
3 54
2 60
2 57
2 54
2 50
2 44
2 42
3 1
2 40
3 80
2 38
2 86
2 37
2 64
2 35
2 33
2 20
2 5
2 36
1 99
3 58
2 4
2 32
1 95
2 30
1 93
3 86
1 92
6 89
1 90
3 74
2 88
2 47
2 23
1 88
3 89
6 92
2 21
1 86
2 22
1 85
2 19
1 84
1 81
3 55
1 80
1 78
1 76
1 74
1 97
1 64
6 1
1 62
1 60
1 57
3 35
1 56
1 54
3 20
2 84
1 59
1 53
3 95
1 50
6 72
1 42
1 36
1 35
1 33
1 32
1 69
6 85
1 30
1 21
2 49
1 20
6 7
1 79
3 50
1 12
1 5
1 37
1 44
1 4
11 0
11 5
3 37
2 99
1 47
11 4
2 74
1 2
3 93
6 81
11 20
11 62
1 58
2 58
6 47
10 59
3 81
11 12
10 72
1 55
9 81
6 36
6 65
1 43
1 68
2 3
9 23
3 66
9 64
3 53
9 40
9 55
1 0
9 66
3 90
1 87
9 89
9 86
9 74
3 64
11 1
9 37
9 76
3 38
8 44
8 35
8 33
3 69
1 1
9 21
8 84
1 65
2 2
2 59
2 53
8 50
9 78
2 56
8 36
1 49
8 47
8 58
8 53
8 69
1 89
2 93
1 19
2 7
9 49
1 72
1 38
6 22
8 80
8 38
7 42
6 68
11 19
7 57
1 40
6 53
2 55
9 85
3 84
5 61
5 56
2 12
8 97
6 5
5 68
6 55
11 7
3 47
11 2
11 3
10 65
6 19
6 78
1 3
8 54
5 99
3 61
5 88
3 2
8 32
6 30
5 90
3 33
1 66
2 1
5 92
1 61
2 87
9 22
1 23
6 4
8 60
5 93
4 95
6 76
2 43
7 30
6 80
8 43
10 79
1 7
6 35
0 87
1 22
2 0
# Substrate Size
100
# Slice Type
0
#Virtual Graph
# noVertices
9
# noArcs
8
# Vertices: id cpu
0 108
1 90
2 81
3 81
4 36
5 81
6 36
7 81
8 81
# Arcs: idS idT bandwidth delay
0 1 30 293
0 2 27 293
2 3 27 293
2 4 12 293
2 5 27 293
5 6 12 293
5 7 27 293
2 8 27 293
# Mapping
164
# Mapping pairs
5 96
5 86
5 85
5 77
5 74
5 67
5 62
5 52
5 49
5 46
5 45
5 41
5 40
5 37
5 31
5 24
5 20
5 82
5 19
5 13
5 11
5 5
5 1
5 64
5 0
2 98
2 89
2 83
2 82
5 55
5 3
2 81
2 78
5 26
2 77
2 76
2 75
2 74
2 62
2 52
5 66
2 49
2 46
2 45
2 86
2 37
2 24
2 91
2 20
2 19
2 70
2 17
2 16
5 70
2 7
2 6
5 7
2 4
5 51
2 2
8 0
8 2
8 3
2 10
2 96
8 4
8 20
5 17
7 34
2 64
8 1
5 16
7 45
7 98
2 63
6 41
6 77
2 67
5 34
6 16
5 81
2 3
6 31
6 9
6 13
5 76
2 12
6 18
5 83
6 24
5 89
8 7
6 46
6 83
5 6
2 66
6 70
2 85
2 41
6 82
6 8
3 96
5 21
3 63
5 2
6 51
1 21
5 78
2 18
1 81
2 71
2 40
2 21
1 86
5 4
1 22
2 0
5 8
8 12
5 98
6 17
2 55
1 40
1 49
6 6
5 71
2 23
4 11
6 26
8 19
5 91
5 10
5 9
1 23
1 66
2 1
2 8
5 12
8 62
5 63
2 51
6 10
5 23
5 75
2 26
1 89
5 18
1 55
2 13
1 78
8 5
2 34
1 74
2 9
1 37
1 76
2 11
5 22
2 22
1 85
2 31
0 71
2 5
1 64
# Substrate Size
100
# Slice Type
0
#Virtual Graph
# noVertices
27
# noArcs
26
# Vertices: id cpu
0 180
1 75
2 180
3 90
4 120
5 105
6 105
7 75
8 60
9 90
10 180
11 30
12 90
13 60
14 45
15 75
16 150
17 180
18 30
19 60
20 45
21 75
22 105
23 60
24 30
25 105
26 45
# Arcs: idS idT bandwidth delay
0 1 25 293
0 2 60 293
2 3 30 293
2 4 40 293
4 5 35 293
4 6 35 293
6 7 25 293
6 8 20 293
2 9 30 293
0 10 60 293
9 11 10 293
9 12 30 293
1 13 20 293
1 14 15 293
4 15 25 293
10 16 50 293
10 17 60 293
1 18 10 293
15 19 20 293
15 20 15 293
5 21 25 293
5 22 35 293
8 23 20 293
8 24 10 293
2 25 35 293
9 26 15 293
# Mapping
1000
# Mapping pairs
15 94
15 93
15 92
15 91
15 82
15 81
15 80
15 79
15 75
15 74
15 73
15 72
15 68
15 67
15 65
15 63
15 60
15 59
15 57
15 54
15 53
15 52
15 51
15 50
15 49
15 45
15 42
15 41
15 40
15 38
15 37
15 34
15 33
15 31
15 61
15 30
15 29
15 27
15 26
15 22
15 21
15 19
15 17
15 16
15 14
15 12
15 11
15 58
15 6
15 5
15 4
15 2
15 1
10 98
10 97
15 36
10 96
10 95
15 20
15 55
10 93
10 92
10 91
10 89
10 88
10 86
10 85
10 84
10 83
10 81
10 80
10 77
10 76
10 70
10 69
10 68
10 66
10 65
15 90
10 64
10 62
10 59
10 57
10 56
10 52
10 51
10 50
10 43
10 42
10 41
10 39
10 35
9 97
10 34
9 95
10 32
9 94
10 29
10 37
9 92
10 27
9 87
10 24
9 86
10 21
9 78
10 13
9 75
10 12
9 67
10 4
9 66
10 1
9 65
10 2
9 58
9 57
9 56
9 55
9 51
9 50
9 48
9 47
9 42
10 61
9 41
15 64
9 39
10 87
9 37
9 76
10 11
10 67
9 36
9 35
8 99
9 38
8 98
9 31
8 96
9 33
8 93
9 28
8 92
9 29
8 90
9 23
8 89
9 24
8 87
9 26
15 97
8 86
9 19
9 79
10 16
8 82
9 15
8 80
9 17
8 78
9 11
8 73
9 8
15 25
8 71
9 10
8 68
9 5
8 67
9 6
8 61
8 58
8 57
8 56
8 53
8 52
8 51
8 50
8 48
8 47
8 45
8 44
9 84
10 19
10 90
8 43
8 42
9 72
10 7
8 40
8 38
10 48
8 37
8 54
8 35
8 33
9 71
10 8
8 32
9 43
8 31
8 30
8 29
8 28
10 55
6 98
6 97
15 32
6 95
15 39
6 94
6 93
6 92
9 61
6 91
6 89
6 88
9 73
10 10
15 70
6 87
6 84
15 47
6 81
6 80
6 77
6 76
6 75
8 46
9 90
10 25
15 13
6 72
8 76
9 13
10 38
6 71
8 72
9 9
6 69
6 68
15 43
6 66
15 48
6 64
6 82
6 63
15 78
6 62
6 79
6 61
6 60
6 59
6 58
9 46
6 57
6 56
6 74
8 41
6 50
6 48
6 46
8 74
9 7
9 70
10 5
6 45
8 2
6 44
8 1
6 42
8 3
6 41
8 6
10 74
6 40
8 5
6 39
8 8
9 83
10 20
15 86
6 38
8 7
5 97
6 32
6 54
8 13
5 95
6 30
8 15
5 94
6 31
8 16
5 93
6 28
8 17
5 92
6 29
8 18
5 91
6 26
8 19
8 60
9 68
10 3
5 85
6 20
9 54
5 83
6 18
5 82
6 19
6 78
5 78
6 15
6 11
5 74
6 8
5 73
10 60
6 9
5 72
6 67
6 6
5 71
6 7
5 70
6 4
5 69
6 5
5 68
6 55
8 34
5 63
5 56
9 60
5 52
5 50
5 49
5 46
5 43
5 41
5 39
9 80
10 15
5 38
5 37
5 87
5 32
4 99
6 22
5 33
4 98
5 35
4 96
5 57
5 30
4 93
5 31
4 92
5 24
4 91
9 74
10 9
5 26
4 89
15 15
15 23
5 27
4 88
5 16
4 83
6 36
6 65
8 9
9 81
10 18
5 28
5 17
4 95
4 82
5 12
4 79
8 62
5 15
4 76
15 62
5 9
4 74
5 11
4 72
6 99
5 84
5 5
4 70
6 21
5 7
4 68
5 0
4 67
8 94
9 27
6 1
5 64
5 1
4 66
8 26
5 3
4 64
4 63
15 83
4 62
4 61
5 89
4 60
6 24
8 21
4 59
4 58
4 57
4 53
4 52
4 51
4 50
9 96
10 31
4 49
4 47
15 71
4 46
8 55
4 45
8 91
9 30
4 44
4 42
5 36
4 41
4 54
5 96
4 40
6 33
8 14
4 39
8 24
4 38
6 73
4 33
15 0
4 32
4 31
4 29
4 28
8 70
9 3
15 7
4 26
15 9
4 25
4 24
4 22
10 44
4 20
15 56
5 40
10 49
4 18
5 48
8 75
9 14
4 17
5 18
4 81
10 46
4 16
4 14
4 12
4 11
6 0
5 65
4 9
4 8
4 7
5 58
4 15
4 5
4 3
9 64
15 87
4 2
5 53
4 1
5 21
4 86
4 0
2 98
2 97
2 96
2 95
2 93
2 92
6 43
8 4
2 91
2 89
8 81
9 16
2 85
9 69
10 6
2 84
2 80
2 79
2 78
15 69
5 47
2 76
2 73
15 85
2 72
5 44
2 70
2 69
5 6
4 69
6 70
2 66
6 49
4 56
2 65
15 44
2 64
2 63
2 62
2 61
2 60
10 54
4 48
2 57
2 56
8 36
2 54
8 39
2 59
2 53
2 50
2 68
2 48
9 77
10 14
10 45
2 46
2 45
2 42
8 95
9 34
2 41
15 46
2 71
2 40
15 77
5 61
2 39
4 21
2 35
15 96
1 98
2 33
1 93
2 30
9 52
1 91
2 28
1 89
2 26
8 69
9 4
1 86
2 21
1 85
2 22
1 84
2 19
1 82
2 17
1 80
2 15
4 6
1 79
2 16
1 71
2 8
8 64
9 1
5 51
1 95
2 32
1 67
2 4
4 37
1 62
4 36
9 93
10 30
1 61
1 60
1 59
5 19
4 80
1 54
1 53
15 89
2 58
6 47
8 0
1 52
1 48
2 38
2 99
1 47
1 46
1 75
2 12
5 14
4 77
8 97
9 32
4 19
1 45
1 40
6 53
1 56
10 47
1 39
5 59
1 72
2 7
9 49
1 38
15 18
1 37
1 44
1 41
1 33
8 77
9 12
1 31
8 59
1 69
2 6
6 85
4 35
1 32
1 30
10 99
2 55
1 29
8 79
9 18
9 85
10 22
6 3
5 66
2 52
4 34
1 25
5 10
4 73
1 23
8 83
9 22
2 94
2 87
1 21
9 99
10 36
1 20
2 49
1 17
5 29
4 94
1 15
1 13
1 12
1 9
1 8
1 49
5 98
6 35
8 12
9 45
9 88
10 23
5 8
4 75
1 7
10 79
1 4
5 20
4 87
1 3
1 0
4 23
26 80
1 92
2 27
8 27
26 60
2 86
26 47
2 37
15 66
26 38
10 71
25 82
4 55
4 13
25 83
6 86
25 70
1 96
2 31
1 6
8 49
1 70
2 5
5 54
25 51
6 2
5 67
25 18
24 5
25 24
24 1
1 24
24 3
24 4
1 78
2 13
24 62
1 18
5 42
1 99
2 36
23 45
1 76
2 11
5 22
4 85
23 34
23 98
1 36
8 66
10 73
4 43
22 41
15 8
1 16
9 63
10 0
5 25
4 90
1 35
10 53
5 2
4 65
6 51
22 9
8 65
9 0
2 88
22 8
1 88
2 23
2 47
22 10
10 40
24 20
8 25
20 72
21 11
8 85
9 20
1 73
2 10
6 90
19 15
19 27
9 98
10 33
17 81
6 83
20 65
17 21
2 74
17 86
1 2
17 22
17 78
26 69
17 49
10 63
5 79
6 14
24 7
1 64
6 52
17 66
5 90
6 27
8 20
17 74
25 13
1 34
17 55
5 45
17 76
17 89
1 66
2 1
2 75
1 42
25 17
5 62
17 85
17 37
5 60
16 84
16 33
15 3
15 98
16 43
2 81
1 26
14 94
15 28
1 97
2 34
24 2
22 77
1 74
1 77
2 9
2 14
16 35
5 55
2 82
1 51
2 83
13 42
5 13
4 78
4 4
8 84
9 21
1 1
9 91
10 28
17 40
9 44
13 30
1 65
2 2
14 48
9 82
10 17
2 90
19 29
12 75
15 35
1 57
1 27
2 77
12 91
9 62
10 78
15 88
5 86
6 23
8 63
9 2
26 50
14 28
1 94
2 29
20 59
1 90
2 25
5 76
2 44
6 13
26 58
6 96
10 58
22 6
11 56
9 40
12 67
1 83
2 20
5 77
6 12
22 31
10 75
1 14
1 68
2 3
1 43
16 44
9 53
11 68
8 88
9 25
15 84
4 27
1 87
2 24
11 88
10 94
20 79
9 89
10 26
5 80
16 32
16 54
6 17
15 95
26 53
19 25
10 82
24 12
1 10
14 39
8 23
16 97
22 16
1 5
11 99
15 76
5 23
4 84
2 51
6 10
5 75
17 23
17 64
1 19
11 93
5 34
4 97
2 67
18 96
9 59
15 10
1 11
11 90
5 99
11 92
6 34
8 11
5 81
6 16
11 61
5 88
4 10
16 36
19 14
6 25
8 22
15 99
1 81
2 18
7 73
6 37
8 10
22 26
10 72
1 28
1 55
24 19
4 30
3 95
1 50
2 43
12 52
18 63
1 58
24 0
13 57
1 22
0 87
1 63
2 0
12 71
15 24
5 4
4 71
25 46
# Substrate Size
100
# Slice Type
0
#Virtual Graph
# noVertices
30
# noArcs
29
# Vertices: id cpu
0 294
1 168
2 168
3 189
4 189
5 63
6 105
7 105
8 147
9 84
10 126
11 63
12 126
13 105
14 126
15 126
16 63
17 42
18 42
19 42
20 147
21 84
22 273
23 63
24 84
25 63
26 63
27 126
28 105
29 84
# Arcs: idS idT bandwidth delay
0 1 56 293
0 2 56 293
0 3 63 293
0 4 63 293
1 5 21 293
1 6 35 293
4 7 35 293
4 8 49 293
1 9 28 293
8 10 42 293
8 11 21 293
8 12 42 293
12 13 35 293
12 14 42 293
0 15 42 293
13 16 21 293
13 17 14 293
7 18 14 293
7 19 14 293
2 20 49 293
2 21 28 293
0 22 91 293
12 23 21 293
13 24 28 293
9 25 21 293
9 26 21 293
15 27 42 293
15 28 35 293
7 29 28 293
# Mapping
1000
# Mapping pairs
15 94
15 93
15 92
15 91
15 90
15 82
15 80
15 79
15 74
15 73
15 72
15 68
15 67
15 65
15 60
15 59
15 54
15 52
15 51
15 50
15 49
15 45
15 42
15 41
15 40
15 38
15 37
15 36
15 34
15 33
15 31
15 61
15 29
15 27
15 26
15 22
15 21
15 20
15 55
15 19
15 16
15 12
15 11
15 58
15 6
15 5
15 2
15 1
13 99
13 98
13 96
13 92
13 91
13 88
13 86
13 83
13 80
13 78
13 77
13 75
13 72
13 71
13 67
13 66
13 65
13 64
13 62
13 61
13 60
13 59
13 58
13 57
13 55
13 54
13 51
13 46
13 43
13 42
13 38
13 35
12 95
13 32
12 92
13 27
12 90
13 29
12 85
13 18
15 63
12 79
13 16
12 78
13 17
12 77
13 10
12 75
12 83
13 12
13 20
15 35
12 72
12 84
13 7
13 19
12 70
12 71
13 8
13 9
15 24
12 69
13 2
12 65
12 63
12 80
13 0
13 15
15 17
12 62
13 1
12 61
12 59
15 14
12 58
12 57
12 56
12 55
12 60
12 54
12 52
12 50
12 47
12 46
12 43
12 41
12 40
12 39
12 37
12 97
13 30
12 35
12 34
15 76
12 32
12 31
12 30
12 27
12 26
15 4
12 25
12 93
13 26
12 24
12 21
12 19
12 17
12 15
12 14
12 12
12 11
12 6
12 3
12 1
9 97
9 95
12 64
12 88
13 23
9 94
9 92
9 87
12 13
9 86
9 80
13 94
9 78
9 75
9 67
9 66
9 65
9 62
12 91
13 28
13 63
15 88
9 60
9 58
9 57
9 56
9 55
9 54
9 53
9 51
9 50
9 48
9 47
9 42
9 41
12 2
15 64
9 40
9 39
12 89
13 22
13 69
9 36
9 35
8 99
9 38
8 98
9 31
8 96
9 33
8 93
9 28
8 92
9 29
12 20
13 45
13 79
8 90
9 23
8 89
9 24
8 88
9 25
12 5
15 84
8 87
9 26
15 97
8 86
9 19
9 79
8 82
9 15
8 80
9 17
8 78
9 11
8 75
9 14
8 73
9 8
15 25
8 71
9 10
8 68
9 5
8 67
9 6
8 63
9 2
8 61
8 58
13 50
8 57
8 56
8 53
8 51
8 50
8 48
8 47
8 45
8 44
9 84
8 43
13 90
8 42
9 72
13 85
8 40
12 33
8 38
8 37
8 54
8 35
7 98
8 33
9 71
7 96
8 31
7 94
8 29
7 91
8 28
7 90
8 25
7 84
8 19
8 60
9 68
7 83
8 20
7 82
8 17
7 81
8 18
7 95
8 32
9 43
7 80
8 15
7 79
8 16
8 11
7 76
12 29
8 10
7 73
8 7
7 72
8 8
7 71
9 83
12 81
13 14
15 86
8 5
7 70
8 3
7 68
8 1
7 66
12 44
8 2
7 65
7 64
8 74
9 7
9 70
7 62
7 60
13 40
13 47
7 78
7 56
8 13
7 97
7 55
8 34
7 52
9 46
7 51
7 50
7 47
15 78
7 44
15 48
7 43
7 41
7 35
8 46
9 90
15 13
7 33
7 32
7 30
7 26
15 47
7 23
7 15
15 39
7 13
15 32
7 12
7 10
7 9
15 53
7 7
7 6
15 30
7 5
8 52
7 2
15 81
7 0
4 99
4 98
4 96
4 93
4 92
4 91
9 74
4 89
15 15
15 23
4 88
8 9
7 74
7 45
4 83
9 81
12 22
7 34
12 98
13 37
4 95
4 82
4 79
8 62
4 76
15 62
4 74
4 70
4 68
4 67
8 94
9 27
7 89
4 66
8 26
13 44
4 64
12 9
4 63
15 83
4 61
7 86
4 60
8 21
4 59
4 58
4 57
4 52
4 51
4 49
12 23
4 47
15 71
4 46
8 55
4 45
8 91
9 30
4 44
4 42
13 82
4 54
4 41
13 68
7 77
4 40
8 14
7 87
4 39
8 24
7 37
4 38
4 33
15 0
4 32
4 31
4 29
7 29
4 28
8 70
9 3
15 7
4 26
15 9
4 25
12 66
13 5
7 93
8 30
4 22
4 20
15 56
4 18
13 74
4 17
4 81
4 16
12 49
4 14
4 12
4 11
4 9
4 8
4 7
4 15
4 5
4 3
9 64
15 87
4 2
4 1
4 86
4 0
2 98
7 19
2 97
12 94
13 33
2 96
2 95
2 93
8 4
7 67
2 92
2 91
2 89
8 81
9 16
2 85
9 69
2 84
2 83
2 80
2 79
2 78
15 69
2 77
2 73
15 85
2 72
2 70
2 69
7 61
2 66
7 40
4 69
4 56
2 65
15 44
2 64
2 63
2 62
12 74
13 13
2 61
2 60
4 48
2 57
12 16
7 99
2 56
8 36
12 86
13 25
2 54
8 39
2 59
2 53
2 50
2 68
2 48
9 77
2 46
2 45
2 43
7 46
7 28
2 41
15 46
2 71
2 40
15 77
4 21
13 41
2 39
13 84
1 98
2 33
1 93
2 30
9 52
13 49
1 91
2 28
1 89
2 26
8 69
9 4
1 84
2 19
1 83
2 20
12 67
13 4
1 81
2 18
12 10
7 3
1 80
2 15
4 6
1 79
2 16
1 78
2 13
1 71
2 8
8 64
9 1
1 95
2 32
1 67
2 4
1 66
2 1
1 65
2 2
7 58
1 64
4 37
1 62
4 36
9 93
1 61
1 59
4 80
13 95
1 54
1 53
15 89
8 0
7 63
2 58
1 52
2 82
1 51
1 48
2 38
2 99
1 47
1 46
7 16
1 75
2 12
12 48
4 77
8 97
9 32
4 19
1 45
7 57
1 40
1 56
12 36
1 39
1 72
2 7
9 49
1 38
15 18
1 37
1 44
1 41
1 33
8 77
9 12
7 25
1 69
2 6
1 31
8 59
13 89
4 35
1 32
1 30
12 42
2 55
1 29
8 79
9 18
9 85
1 57
1 27
12 7
2 52
4 34
1 25
4 73
1 23
8 83
9 22
2 94
2 87
1 21
9 99
1 20
2 49
1 17
1 14
13 52
1 68
2 3
1 43
1 13
1 12
1 9
1 8
1 49
7 75
8 12
9 45
9 88
12 38
4 75
1 7
1 5
1 4
4 87
1 3
13 81
1 0
7 39
8 72
9 9
29 35
1 19
28 12
12 28
28 7
13 70
15 57
4 62
28 20
27 85
12 51
27 76
4 94
1 15
27 74
27 89
1 60
12 76
13 11
7 92
4 23
26 80
1 92
2 27
8 27
13 87
7 21
26 60
2 86
26 47
2 37
15 66
8 6
7 69
7 24
7 1
4 55
4 13
25 83
25 70
1 96
2 31
1 6
8 49
1 70
2 5
12 96
13 31
25 51
2 75
1 42
25 17
13 34
25 13
1 34
1 85
2 22
27 55
7 48
7 31
24 5
25 24
24 1
13 76
1 24
24 4
13 73
23 98
1 36
8 66
4 43
22 41
15 8
1 16
9 63
1 97
2 34
22 77
24 2
1 74
1 77
2 9
2 14
7 59
4 65
4 90
1 35
13 97
22 9
8 65
9 0
22 10
2 88
22 8
1 88
2 23
2 47
12 0
20 72
21 11
8 85
9 20
27 49
1 82
2 17
7 85
4 10
19 14
8 22
15 99
1 76
2 11
4 85
23 34
29 44
19 27
9 98
4 97
2 67
18 96
9 59
15 10
1 11
18 63
12 87
13 24
1 58
24 0
7 27
17 81
20 65
17 21
2 74
17 86
12 73
13 6
1 2
17 22
4 84
2 51
17 64
17 23
16 84
4 27
1 87
2 24
12 8
12 82
13 21
20 79
9 89
16 32
16 54
15 95
16 43
7 88
1 10
14 39
8 23
22 16
26 53
19 25
14 48
9 82
2 90
19 29
2 81
1 26
14 94
15 28
28 62
11 57
10 52
2 35
15 96
25 18
12 53
11 42
12 4
16 33
15 3
15 98
10 67
9 37
9 76
26 38
10 71
10 75
22 31
4 78
4 4
8 84
9 21
1 1
9 91
13 39
4 50
9 96
10 91
17 40
9 44
13 53
1 18
1 99
2 36
13 56
23 45
12 18
1 86
2 21
7 18
6 92
9 61
4 24
7 49
6 61
28 19
25 82
2 44
7 14
26 58
22 6
12 99
13 36
20 59
1 90
2 25
27 37
26 50
14 28
1 94
2 29
13 93
7 11
4 72
6 99
11 30
7 22
6 88
9 73
15 70
4 53
17 78
26 69
24 3
12 68
13 3
7 20
6 90
1 73
2 10
19 15
2 42
8 95
9 34
7 54
7 36
6 56
8 41
12 45
7 4
7 17
6 93
2 76
27 66
7 42
6 68
15 43
22 26
13 48
1 28
1 55
7 38
8 76
9 13
4 30
3 95
1 50
7 8
29 97
15 75
7 53
29 36
5 73
1 22
0 87
1 63
2 0
4 71
25 46
# Substrate Size
100
# Slice Type
0
#Virtual Graph
# noVertices
30
# noArcs
29
# Vertices: id cpu
0 288
1 90
2 234
3 108
4 144
5 90
6 54
7 36
8 90
9 126
10 72
11 90
12 72
13 72
14 54
15 72
16 126
17 54
18 72
19 72
20 54
21 72
22 54
23 36
24 144
25 54
26 36
27 36
28 54
29 36
# Arcs: idS idT bandwidth delay
0 1 30 293
0 2 78 293
2 3 36 293
2 4 48 293
1 5 30 293
1 6 18 293
5 7 12 293
5 8 30 293
4 9 42 293
4 10 24 293
5 11 30 293
10 12 24 293
10 13 24 293
1 14 18 293
10 15 24 293
4 16 42 293
8 17 18 293
8 18 24 293
18 19 24 293
18 20 18 293
18 21 24 293
17 22 18 293
17 23 12 293
2 24 48 293
14 25 18 293
14 26 12 293
10 27 12 293
25 28 18 293
25 29 12 293
# Mapping
1100
# Mapping pairs
25 99
25 95
25 91
25 90
25 89
25 88
25 86
25 85
25 84
25 79
25 76
25 73
25 70
25 69
25 75
25 68
25 67
25 66
25 65
25 64
25 63
25 62
25 61
25 60
25 58
25 57
25 55
25 54
25 52
25 50
25 49
25 46
25 48
25 45
25 44
25 43
25 42
25 40
25 39
25 38
25 37
25 34
25 33
25 31
25 29
25 28
25 27
25 25
25 24
25 21
25 20
25 19
25 1
25 17
18 98
18 95
18 88
18 83
18 79
18 78
18 76
18 75
18 72
18 71
18 70
18 69
18 80
18 65
18 64
18 63
18 58
18 57
18 56
18 52
18 50
18 49
18 48
18 46
18 44
18 43
18 40
18 38
18 37
18 35
18 33
17 98
18 34
17 97
18 32
17 95
18 30
17 93
18 25
17 90
18 68
18 23
17 88
18 24
17 87
18 21
17 86
18 19
17 84
18 20
17 83
18 18
17 81
18 13
17 78
18 11
17 76
18 12
17 75
18 9
17 74
18 7
17 72
18 5
17 70
18 6
17 69
18 1
17 66
18 47
18 2
17 65
17 61
18 4
17 67
17 60
17 59
17 58
17 57
17 56
17 55
25 53
25 5
25 26
17 54
17 52
17 50
17 48
17 45
17 43
17 42
17 41
17 40
17 39
17 37
17 35
17 27
17 26
17 25
17 24
17 19
17 17
17 16
18 3
17 68
17 15
17 12
18 84
17 9
17 21
25 22
17 8
17 64
17 23
17 38
17 7
17 6
17 4
17 2
25 97
18 89
17 0
14 98
17 62
14 96
25 98
14 95
14 93
14 92
14 91
17 53
14 90
14 89
17 47
14 88
14 87
14 85
14 84
14 79
14 78
14 76
14 74
14 73
14 71
14 67
14 66
14 63
25 80
14 57
18 16
17 79
14 56
18 51
14 55
25 94
25 6
14 54
14 61
14 53
14 51
14 50
14 46
14 44
14 43
14 40
14 37
14 35
14 34
14 33
14 26
25 7
17 11
17 14
14 25
14 23
14 60
14 18
14 17
14 15
14 12
14 10
25 92
14 9
17 33
14 7
14 6
14 3
14 2
14 1
14 0
10 98
14 86
10 97
10 96
18 31
17 96
10 95
14 70
10 94
10 93
10 92
18 53
14 62
10 91
10 89
10 88
14 4
10 87
10 86
10 85
18 91
10 84
10 81
10 80
10 78
10 77
10 76
10 71
18 10
17 73
10 70
14 36
10 69
10 68
10 66
10 65
25 74
10 64
17 49
10 63
10 62
10 61
25 59
25 15
10 59
14 41
10 58
10 57
25 12
10 56
10 52
14 47
10 51
10 50
10 43
10 42
10 41
10 39
10 35
10 34
10 32
10 37
10 29
10 27
10 24
10 21
14 48
10 17
10 13
10 67
10 11
10 10
10 2
10 1
8 99
8 98
8 96
8 93
14 14
8 92
25 9
8 90
8 89
8 88
8 87
10 16
8 86
8 82
8 80
8 78
10 38
8 76
10 5
8 74
14 97
8 73
25 11
8 72
18 8
17 71
8 71
8 68
8 67
8 61
8 58
8 57
8 56
8 53
8 52
8 51
8 50
14 42
8 48
18 27
17 92
8 47
14 77
10 25
8 46
8 45
10 90
10 19
8 44
14 27
8 43
14 20
10 7
8 42
8 41
17 46
8 40
10 48
8 38
8 54
8 37
8 35
8 32
8 31
8 29
10 55
8 28
8 10
8 7
18 66
8 5
8 2
25 8
8 1
8 15
5 95
8 16
5 94
18 29
17 94
8 18
5 92
25 10
10 3
8 60
8 19
5 91
18 14
17 77
8 20
5 90
5 85
5 83
5 82
5 99
8 11
25 36
5 81
5 79
5 78
18 77
5 75
5 74
5 72
25 3
18 42
5 71
5 70
5 69
8 34
5 68
5 63
18 22
17 85
5 62
5 60
5 56
5 54
25 51
5 52
5 50
5 45
5 43
5 41
14 31
10 15
5 39
5 38
5 37
4 99
5 32
5 87
4 98
5 33
17 31
4 96
5 35
5 57
4 93
5 30
25 23
4 92
5 31
10 9
4 91
5 24
4 88
5 27
10 18
4 83
5 16
8 9
4 82
4 95
5 17
5 28
25 30
8 62
4 79
5 12
4 76
5 15
4 74
5 9
4 71
5 4
4 70
5 5
5 84
4 68
5 7
8 94
4 67
5 0
4 64
5 3
4 63
4 62
4 61
8 21
5 89
4 60
4 59
4 58
18 39
4 57
4 53
17 51
4 52
4 51
10 31
4 50
4 49
4 47
8 55
4 46
14 52
8 91
4 45
4 44
14 19
4 42
14 5
4 41
5 36
4 54
8 14
5 96
4 40
14 58
4 33
4 31
4 32
4 29
14 83
8 70
4 28
25 71
14 81
4 26
4 25
4 24
25 4
4 20
10 49
5 40
14 11
4 18
8 75
5 48
4 17
10 46
4 81
5 18
4 16
4 14
10 74
8 6
4 13
4 55
25 83
25 16
4 12
4 11
25 77
5 65
4 9
4 8
4 5
5 58
4 15
18 67
4 3
4 2
4 1
5 53
2 98
2 96
14 45
2 95
2 93
17 34
2 92
8 4
18 55
2 91
10 6
2 85
2 84
2 83
18 61
2 80
2 79
2 77
14 29
5 47
18 41
2 76
2 74
18 54
2 73
2 72
5 44
2 70
2 69
18 96
14 80
2 67
4 97
5 34
2 65
4 56
25 47
2 64
2 63
2 62
2 61
10 54
2 60
2 57
4 48
18 92
8 39
2 54
2 59
2 53
2 51
4 84
5 23
2 50
17 5
10 45
10 14
2 48
2 68
2 45
2 44
5 76
2 43
8 95
2 42
2 41
2 35
2 28
1 91
2 21
1 86
2 22
1 85
2 19
1 84
18 74
2 20
1 83
2 18
1 81
2 15
1 80
18 62
4 6
17 1
2 16
1 79
25 2
8 64
2 8
1 71
5 51
17 18
2 32
1 95
2 4
1 67
17 28
2 2
1 65
1 64
18 93
1 60
18 15
17 80
1 59
25 14
14 30
4 80
5 19
1 54
2 58
8 0
1 52
5 55
1 51
2 82
2 38
1 48
1 47
2 99
1 46
1 42
2 75
10 47
1 56
1 39
5 59
2 7
1 72
14 72
1 38
1 44
1 37
1 41
25 13
1 34
8 77
1 33
14 24
8 59
1 31
2 6
1 69
1 32
4 35
10 99
1 30
5 66
2 52
4 34
1 25
2 49
1 20
25 72
18 17
17 82
1 17
1 13
1 12
1 11
1 9
1 8
1 49
10 23
8 12
5 98
10 79
4 75
5 8
1 7
2 31
1 96
18 97
8 49
1 6
2 5
1 70
18 60
1 5
1 4
14 38
14 16
1 3
4 87
5 20
17 22
1 2
1 0
29 62
25 96
2 86
2 37
5 46
29 19
29 20
1 57
17 20
1 27
28 85
28 76
1 14
2 3
1 68
28 74
1 43
28 89
4 7
18 26
17 89
2 1
1 66
28 66
8 17
5 93
28 55
28 49
28 37
27 69
1 15
4 94
5 29
14 59
27 60
18 28
17 91
1 53
8 83
1 23
4 73
5 10
25 41
2 87
2 94
17 44
1 61
27 53
8 24
4 39
25 56
27 58
2 40
2 71
26 83
26 46
8 81
2 89
26 18
25 81
26 17
25 82
24 5
1 58
27 47
24 0
24 3
1 18
5 42
2 36
1 99
25 0
23 45
18 90
8 66
1 36
10 73
23 98
14 82
22 41
26 82
4 43
10 0
1 16
14 68
2 34
1 97
2 14
2 9
1 77
1 74
24 2
22 77
27 80
5 77
10 75
22 31
10 40
22 10
22 8
2 88
18 86
2 47
2 23
1 88
25 93
14 64
20 65
2 17
1 82
10 83
26 70
18 82
8 22
19 14
5 88
4 10
18 45
2 10
1 73
18 81
17 3
19 15
27 38
2 11
1 76
4 85
5 22
23 34
18 85
19 27
10 33
29 7
17 29
16 96
2 13
1 78
18 59
10 36
1 21
14 65
2 33
1 98
15 81
10 20
15 86
8 8
26 13
25 78
5 49
10 60
5 73
15 21
2 24
1 87
4 27
10 26
20 79
5 80
15 64
14 13
24 1
15 40
1 24
14 99
15 23
14 75
4 89
5 26
2 78
26 24
25 87
14 21
2 39
13 84
5 61
18 94
4 21
13 35
1 40
2 55
10 22
8 79
1 29
16 63
14 69
14 49
1 62
4 37
10 30
4 36
8 26
5 64
13 44
4 66
5 1
14 32
10 53
13 97
4 90
5 25
1 35
4 65
5 2
8 65
22 9
2 12
1 75
12 48
8 97
4 77
5 14
1 45
4 19
1 19
12 28
13 32
8 69
2 26
1 89
17 13
13 54
25 18
5 67
11 42
22 6
13 36
8 63
5 86
14 28
2 29
1 94
13 43
2 25
1 90
20 59
4 72
5 11
11 30
11 57
25 35
2 30
1 93
9 52
15 78
10 8
8 33
9 71
10 4
9 67
2 46
10 12
9 75
8 84
4 4
4 78
5 13
10 28
9 91
1 1
4 69
5 6
18 36
17 99
7 61
2 66
17 30
8 13
7 56
5 97
27 50
2 90
18 99
19 29
25 32
14 22
4 23
8 27
2 27
1 92
7 92
7 68
8 3
15 22
8 36
7 99
2 56
14 8
24 4
12 94
13 33
2 97
18 0
17 63
17 10
1 10
17 32
14 39
8 23
7 88
17 36
26 51
22 16
18 87
10 82
19 25
18 73
29 12
4 0
4 86
5 21
12 39
8 85
21 11
20 72
8 25
7 90
10 44
4 22
8 30
7 93
2 81
14 94
1 26
6 73
4 38
10 72
22 26
1 55
1 28
1 50
3 95
4 30
2 0
1 63
0 87
1 22
# Substrate Size
100
# Slice Type
0
#Virtual Graph
# noVertices
28
# noArcs
27
# Vertices: id cpu
0 144
1 144
2 96
3 132
4 60
5 84
6 96
7 60
8 72
9 60
10 48
11 36
12 36
13 132
14 120
15 36
16 60
17 36
18 60
19 48
20 48
21 96
22 36
23 36
24 24
25 60
26 60
27 36
# Arcs: idS idT bandwidth delay
0 1 48 293
0 2 32 293
1 3 44 293
1 4 20 293
3 5 28 293
3 6 32 293
2 7 20 293
2 8 24 293
8 9 20 293
8 10 16 293
10 11 12 293
10 12 12 293
0 13 44 293
0 14 40 293
7 15 12 293
7 16 20 293
9 17 12 293
9 18 20 293
0 19 16 293
6 20 16 293
6 21 32 293
6 22 12 293
17 23 12 293
17 24 8 293
21 25 20 293
21 26 20 293
9 27 12 293
# Mapping
1100
# Mapping pairs
21 99
21 98
21 93
21 92
21 87
21 86
21 85
21 91
21 84
21 83
21 82
21 81
21 80
21 79
21 77
21 76
21 75
21 72
21 71
21 70
21 69
21 67
21 66
21 64
21 63
21 62
21 61
21 60
21 59
21 58
21 57
21 56
21 54
21 53
21 52
21 50
21 48
21 45
21 44
21 43
21 42
21 41
21 38
21 35
21 34
21 33
21 29
21 28
21 27
21 26
21 25
21 24
21 23
21 22
21 19
21 18
21 14
21 13
21 9
21 8
21 6
21 4
21 3
21 1
21 0
17 98
17 97
17 95
17 93
17 90
17 88
17 87
17 86
21 47
17 85
17 84
17 83
17 79
17 76
17 75
17 74
17 72
17 70
21 68
17 69
17 66
17 65
17 62
17 61
17 59
17 58
17 57
17 55
17 52
17 51
17 50
17 48
17 47
17 45
17 43
17 41
17 39
17 37
17 35
17 33
17 31
17 27
17 26
17 25
17 19
17 17
17 16
17 13
17 8
17 6
17 4
17 0
10 98
10 96
21 7
17 96
10 95
10 93
10 92
10 91
10 89
10 88
10 86
10 85
10 84
10 81
10 80
10 76
10 75
21 94
10 71
17 73
10 70
10 69
10 68
10 65
10 64
17 49
10 63
10 62
10 59
10 57
10 52
10 51
10 50
10 49
10 46
10 43
10 42
10 41
10 40
10 39
10 35
10 34
9 97
10 32
9 95
10 37
10 29
9 94
10 30
9 93
10 27
9 92
10 24
9 87
10 21
9 86
10 15
9 80
10 12
9 75
21 49
10 9
9 74
10 4
9 67
10 1
9 66
10 2
9 65
9 60
9 58
9 57
9 56
9 55
9 53
17 2
9 51
9 50
9 48
9 47
17 40
9 44
21 55
10 61
9 42
9 41
10 87
9 39
10 67
10 11
9 76
9 37
17 56
21 39
9 36
9 35
9 38
8 99
9 31
8 98
9 32
8 97
9 33
8 96
9 27
8 94
9 28
8 93
9 29
8 92
9 30
8 91
9 23
8 90
9 24
8 89
9 15
8 82
9 17
8 80
9 11
8 78
9 14
8 75
9 8
8 73
17 71
9 10
8 71
9 5
8 68
9 6
8 67
9 0
8 65
8 62
8 61
8 58
8 57
8 56
8 55
8 53
8 51
8 50
8 48
17 92
8 47
21 90
8 45
10 90
10 19
9 84
21 65
8 44
8 43
17 46
8 40
10 48
8 38
8 54
8 37
10 8
9 71
8 33
7 98
8 31
7 96
9 43
8 32
7 95
8 30
7 93
10 55
8 28
7 91
8 24
7 87
21 88
7 10
17 67
7 9
17 60
7 8
7 6
8 52
7 5
7 2
10 77
7 0
6 99
7 11
10 58
7 14
6 96
7 15
6 95
7 17
6 93
10 10
9 73
7 22
6 88
7 23
6 87
17 81
7 27
6 83
7 33
6 77
10 25
9 90
8 46
7 35
6 75
7 37
6 73
7 41
6 69
7 47
6 63
7 48
6 62
7 31
6 79
7 49
6 61
7 50
6 60
7 51
6 59
7 53
6 57
7 4
8 41
7 36
6 74
7 54
6 56
7 60
6 50
7 62
6 48
10 5
9 70
9 7
8 74
7 64
6 46
8 2
7 65
6 45
8 1
7 66
6 44
8 3
7 68
6 42
8 5
7 70
6 40
8 7
7 72
6 38
8 10
7 73
6 37
10 18
9 81
8 9
7 74
7 45
6 36
6 65
8 14
7 77
6 33
17 30
8 13
7 78
7 56
6 32
6 54
8 16
7 79
6 31
8 15
7 80
6 30
21 21
17 94
8 18
7 81
6 29
8 17
7 82
6 28
17 77
8 20
7 83
6 27
10 3
9 68
8 60
8 19
7 84
6 26
6 22
6 21
7 44
6 66
9 54
6 20
7 32
6 19
6 78
9 46
7 52
6 58
6 18
6 17
6 15
21 89
6 14
6 12
6 11
7 43
6 67
6 9
6 7
6 2
8 26
7 89
6 1
3 96
3 94
3 97
7 29
6 81
9 3
8 70
3 93
3 92
3 91
9 61
7 18
6 92
3 89
10 44
3 87
3 83
3 81
3 80
3 79
3 77
7 24
6 86
7 1
3 76
10 74
8 6
7 69
6 41
21 96
3 74
3 73
6 0
3 72
3 70
3 68
3 78
3 67
3 65
3 64
3 62
8 25
7 90
3 60
3 59
10 7
9 72
3 57
8 42
17 78
3 56
9 9
8 72
7 39
6 71
3 52
3 51
8 29
7 94
3 50
3 49
3 48
21 40
10 66
3 47
8 35
3 46
3 45
3 42
10 31
9 96
3 40
3 34
3 32
2 98
3 38
7 19
6 91
2 97
3 39
3 43
2 96
3 24
2 95
3 25
2 93
3 27
17 34
2 92
3 28
8 4
7 67
6 43
10 6
9 69
2 85
3 19
2 84
3 20
2 80
3 8
2 79
3 9
2 76
3 12
2 74
3 14
2 70
3 2
2 69
3 3
7 40
6 70
17 99
7 61
6 49
2 66
3 6
2 63
2 62
2 61
21 10
2 60
3 54
10 54
8 36
7 99
2 56
8 39
2 54
2 59
21 46
2 53
2 50
17 5
10 45
10 14
9 77
2 48
2 68
3 4
2 46
2 45
2 44
6 13
9 34
8 95
2 42
7 46
7 28
6 64
6 82
2 41
2 86
3 18
2 37
9 52
2 30
1 93
7 21
6 89
8 27
7 92
2 27
1 92
3 86
2 28
1 91
9 4
8 69
2 26
1 89
2 88
3 16
21 73
2 47
2 23
1 88
2 21
1 86
2 22
1 85
2 19
1 84
2 18
1 81
17 42
3 55
7 3
2 15
1 80
3 71
17 1
2 16
1 79
17 29
2 13
1 78
2 11
1 76
2 34
1 97
2 14
2 9
1 77
1 74
17 18
2 32
1 95
3 58
2 4
1 67
3 33
17 89
2 1
1 66
7 58
1 64
6 52
1 62
1 60
17 80
1 59
1 54
8 0
7 63
2 58
6 47
1 52
10 38
7 38
6 72
9 13
8 76
1 50
3 95
2 38
1 48
1 47
2 99
3 37
1 46
7 16
6 94
2 12
1 75
1 45
3 82
1 42
2 75
3 13
7 57
1 40
6 53
9 49
2 7
1 72
1 38
1 44
1 37
1 41
10 73
8 66
1 36
7 59
6 51
10 53
1 35
1 34
9 12
8 77
1 33
7 25
2 6
1 69
6 85
8 59
1 31
1 32
3 98
2 55
10 22
9 85
9 18
8 79
1 29
10 72
3 41
1 55
1 28
6 3
2 52
3 99
1 25
1 24
17 82
1 17
1 13
10 23
9 88
9 45
8 12
7 75
6 35
10 79
1 7
1 4
9 21
8 84
3 69
10 28
9 91
1 1
1 0
27 80
27 69
1 15
2 87
3 17
2 94
3 26
9 22
8 83
1 23
17 44
1 61
27 53
27 38
7 7
27 58
10 0
9 63
1 16
26 82
2 78
3 10
26 24
21 36
2 40
2 71
3 1
26 83
21 31
26 46
26 17
1 18
2 36
1 99
25 0
1 8
1 49
25 3
6 6
9 1
8 64
25 2
2 8
1 71
25 4
3 85
1 3
25 20
10 99
1 30
8 21
7 86
6 24
25 19
24 34
21 16
2 31
1 96
8 49
1 6
2 5
1 70
1 12
24 98
21 78
21 15
3 36
23 6
10 13
9 78
23 41
2 49
1 20
2 57
23 16
10 16
9 79
9 19
8 86
23 8
23 9
1 9
10 36
9 99
1 21
23 26
25 62
2 33
1 98
8 34
7 97
7 55
6 55
23 31
6 5
3 88
23 10
21 20
23 77
17 22
22 11
1 2
21 74
21 11
20 72
9 20
8 85
2 17
1 82
10 83
26 70
8 22
7 85
19 14
3 61
6 25
3 75
10 56
25 12
10 33
9 98
19 27
10 20
9 83
16 21
8 8
7 71
6 39
1 14
2 3
1 68
17 68
17 15
16 78
1 43
7 20
2 10
1 73
6 90
17 3
19 15
16 66
27 60
17 91
1 53
17 14
17 11
16 74
25 7
16 55
2 72
3 0
21 30
21 2
20 65
21 5
17 21
17 9
16 76
21 95
9 16
8 81
2 89
3 31
26 18
17 24
16 85
10 47
1 56
3 35
1 39
6 4
15 33
2 81
3 23
14 94
1 26
1 51
2 82
3 22
2 83
3 21
13 42
7 42
6 68
15 43
13 30
17 28
16 89
2 2
1 65
17 53
7 13
15 32
6 97
12 75
15 35
1 57
17 20
16 81
1 27
7 12
27 50
6 98
21 51
15 44
2 65
3 7
25 1
10 17
9 82
14 48
9 26
8 87
15 97
2 90
3 30
19 29
16 22
2 73
3 15
21 97
16 64
3 44
3 84
21 17
2 39
24 45
2 77
3 11
10 78
16 23
9 62
12 91
9 2
8 63
6 23
2 29
1 94
14 28
2 25
1 90
20 59
3 53
9 40
11 56
9 64
3 66
21 32
15 54
2 91
3 29
17 54
16 37
25 5
2 20
1 83
12 67
7 26
6 84
9 25
8 88
11 68
15 84
10 97
15 36
2 24
1 87
3 90
10 94
11 88
21 12
20 79
10 26
9 89
9 59
18 96
2 67
3 5
1 11
11 90
8 11
7 76
11 92
6 34
6 16
11 61
10 82
19 25
3 63
17 63
17 10
1 10
17 32
8 23
7 88
14 39
17 36
26 51
1 5
11 99
2 51
6 10
17 64
17 23
16 86
17 38
17 7
1 19
11 93
17 12
7 34
6 76
4 95
21 37
2 35
2 64
16 49
26 13
16 40
10 60
5 73
6 8
2 43
7 30
6 80
12 52
1 58
27 47
18 63
13 57
2 0
1 63
0 87
1 22
12 71
# Substrate Size
100
# Slice Type
0
#Virtual Graph
# noVertices
30
# noArcs
29
# Vertices: id cpu
0 336
1 168
2 144
3 72
4 96
5 144
6 96
7 96
8 120
9 72
10 96
11 48
12 72
13 48
14 72
15 48
16 48
17 48
18 48
19 144
20 48
21 72
22 72
23 48
24 120
25 96
26 48
27 48
28 48
29 24
# Arcs: idS idT bandwidth delay
0 1 56 293
0 2 48 293
1 3 24 293
1 4 32 293
1 5 48 293
2 6 32 293
2 7 32 293
5 8 40 293
5 9 24 293
1 10 32 293
6 11 16 293
6 12 24 293
9 13 16 293
9 14 24 293
13 15 16 293
13 16 16 293
16 17 16 293
16 18 16 293
0 19 48 293
13 20 16 293
4 21 24 293
4 22 24 293
16 23 16 293
1 24 40 293
1 25 32 293
7 26 16 293
7 27 16 293
27 28 16 293
27 29 8 293
# Mapping
1100
# Mapping pairs
27 99
27 96
27 95
27 94
27 93
27 92
27 90
27 89
27 87
27 86
27 83
27 82
27 80
27 77
27 76
27 75
27 74
27 71
27 68
27 67
27 64
27 63
27 62
27 61
27 60
27 59
27 58
27 57
27 56
27 55
27 53
27 65
27 52
27 51
27 49
27 48
27 46
27 44
27 42
27 41
27 38
27 37
27 36
27 33
27 32
27 31
27 30
27 39
27 29
27 28
27 34
27 26
27 25
27 23
27 22
27 20
27 19
27 18
27 17
27 15
27 13
27 11
27 9
27 6
27 5
27 4
27 3
16 98
16 97
16 92
16 91
16 90
16 85
16 84
16 82
16 78
16 77
16 71
16 69
16 65
16 64
16 62
16 61
16 59
16 57
16 56
16 53
16 50
16 49
16 46
16 45
16 43
16 40
16 39
16 38
16 37
16 35
16 33
27 73
16 30
16 29
16 28
16 27
16 25
16 17
27 8
16 16
16 15
16 12
16 11
16 10
16 9
16 7
16 4
16 3
16 2
13 99
13 98
13 96
13 91
13 90
16 79
13 88
16 74
13 86
13 83
13 80
13 78
13 77
13 75
13 72
13 71
13 70
27 70
13 67
13 66
13 65
13 64
13 62
13 61
13 60
13 59
13 58
13 57
13 55
16 80
13 54
13 51
13 50
13 46
27 84
13 43
13 42
13 38
13 35
13 32
13 30
27 43
13 29
13 27
13 26
16 0
13 18
13 17
13 16
13 10
13 9
13 8
13 19
13 7
13 2
13 1
13 15
13 0
9 97
13 23
9 95
9 94
9 92
27 40
9 87
9 86
9 78
27 72
9 75
13 85
9 72
9 67
9 66
9 65
16 23
13 63
13 28
9 62
9 58
9 57
9 56
9 55
16 44
9 53
16 67
9 51
9 50
9 48
9 47
9 40
27 81
13 69
13 22
9 39
9 38
9 76
9 37
9 36
9 35
9 33
9 31
13 79
13 45
9 29
9 28
9 24
9 23
9 79
9 19
9 17
9 15
9 11
9 10
9 6
9 5
9 71
7 98
7 96
9 43
7 95
7 94
7 93
7 91
7 90
7 10
7 9
7 8
7 7
7 6
7 5
7 4
7 3
27 14
16 18
7 2
7 0
7 12
6 98
27 50
7 15
6 95
7 16
6 94
7 17
6 93
9 61
7 18
6 92
7 19
6 91
7 21
6 89
16 5
9 73
7 22
6 88
7 23
6 87
7 26
6 84
7 29
6 81
7 30
6 80
7 33
6 77
16 73
7 34
6 76
13 37
27 97
9 90
7 35
6 75
9 13
7 38
6 72
9 9
7 39
6 71
7 41
6 69
7 44
6 66
7 46
7 28
6 82
6 64
16 13
7 47
6 63
7 48
6 62
7 31
6 79
7 49
6 61
16 47
7 50
6 60
7 51
6 59
9 46
7 52
6 58
7 53
6 57
7 54
6 56
7 36
6 74
13 47
13 40
7 60
6 50
27 45
7 62
6 48
9 70
9 7
7 64
6 46
7 65
6 45
27 98
7 66
6 44
7 68
6 42
7 69
6 41
7 70
6 40
16 21
13 14
9 83
7 71
6 39
7 72
6 38
7 73
6 37
16 95
7 78
7 56
6 54
6 32
5 97
7 80
6 30
5 95
7 79
6 31
5 94
7 81
6 29
5 92
9 68
7 84
6 26
5 91
7 83
6 27
5 90
9 54
6 20
5 85
6 18
5 83
7 32
6 78
6 19
5 82
7 76
6 34
5 99
27 27
6 16
5 81
6 14
5 79
6 15
5 78
5 74
6 11
5 73
6 8
16 52
7 43
6 67
5 72
6 9
5 71
6 6
5 70
6 7
16 60
7 97
7 55
6 55
5 68
6 5
5 63
5 62
5 60
9 60
5 56
5 52
5 50
5 49
5 45
5 43
5 41
5 38
5 37
6 22
5 87
4 99
5 32
27 21
4 98
5 33
16 94
4 96
5 35
5 57
4 93
5 30
4 92
5 31
9 74
4 91
5 24
4 89
5 26
4 88
5 27
9 81
7 74
7 45
6 65
6 36
4 83
5 16
4 82
4 95
5 17
5 28
4 79
5 12
4 76
5 15
4 74
5 9
7 11
6 99
4 72
5 11
6 21
5 84
4 70
5 5
4 68
5 7
9 27
27 24
4 67
5 0
13 44
4 66
5 1
7 89
5 64
6 1
4 64
5 3
16 20
4 63
4 62
27 85
27 2
4 61
7 86
6 24
5 89
4 60
4 59
4 58
4 57
4 53
4 52
4 51
9 96
4 50
16 42
4 49
16 8
4 47
4 46
9 30
4 45
4 44
13 82
4 42
13 68
4 41
5 36
4 54
7 77
6 33
5 96
4 40
7 87
4 39
7 37
6 73
4 38
4 33
4 31
4 32
4 29
9 3
4 28
4 26
13 5
4 25
4 24
4 22
4 20
5 40
13 74
4 18
9 14
5 48
4 17
4 81
5 18
4 16
4 14
4 12
4 11
5 65
6 0
4 9
4 8
4 5
5 58
4 15
4 2
4 1
5 53
13 33
2 97
2 96
2 95
2 93
16 99
2 92
7 67
6 43
2 91
9 16
2 89
9 69
2 85
2 84
2 83
2 80
2 79
16 6
2 78
2 77
13 92
5 47
2 76
27 66
16 22
2 73
16 55
2 72
27 35
5 44
2 70
2 69
7 40
6 70
4 69
5 6
7 61
6 49
2 66
2 64
2 63
13 13
2 62
2 61
2 60
2 57
4 48
13 25
7 99
2 56
2 54
2 59
2 53
2 50
16 72
9 77
2 48
2 68
2 46
2 45
2 43
9 34
2 42
2 41
16 14
2 40
2 71
13 84
2 39
5 61
13 41
4 21
16 31
2 35
2 33
1 98
13 49
2 30
1 93
9 52
27 88
2 28
1 91
9 4
2 26
1 89
2 21
1 86
2 22
1 85
2 19
1 84
13 4
2 20
1 83
2 17
1 82
27 79
2 15
1 80
4 6
16 68
2 16
1 79
16 96
2 13
1 78
9 1
2 8
1 71
5 51
16 83
2 32
1 95
2 4
1 67
7 58
6 52
1 64
1 62
4 37
9 93
4 36
1 61
13 11
1 60
1 59
13 95
4 80
5 19
1 54
16 26
1 53
7 63
6 47
2 58
1 52
16 51
5 55
1 51
2 82
2 38
1 48
1 47
2 99
1 46
2 12
1 75
9 32
4 77
5 14
1 45
4 19
7 57
6 53
1 40
1 56
1 39
5 59
9 49
2 7
1 72
1 38
1 44
1 37
1 41
9 12
1 33
13 89
1 31
7 25
6 85
2 6
1 69
1 32
4 35
2 55
16 63
9 85
9 18
1 29
5 66
6 3
2 52
4 34
1 25
9 22
1 23
4 73
5 10
2 87
2 94
9 99
1 21
2 49
1 20
1 19
1 15
4 94
5 29
27 69
1 13
1 12
1 9
1 8
1 49
9 88
9 45
7 75
6 35
5 98
1 7
4 75
5 8
1 5
1 4
13 81
1 3
4 87
5 20
1 0
5 46
29 19
16 58
29 20
13 52
1 14
2 3
1 68
28 74
1 43
28 89
4 7
2 1
1 66
28 66
28 49
28 37
27 12
7 92
2 27
1 92
26 80
13 87
4 23
27 0
26 60
26 47
2 86
29 62
16 1
2 37
26 38
25 82
28 76
7 24
7 1
6 86
25 83
4 13
4 55
2 31
1 96
25 70
1 6
13 31
2 5
1 70
25 51
5 54
25 18
5 67
6 2
27 91
1 42
2 75
13 34
25 17
1 34
25 13
24 5
13 76
24 1
25 24
1 24
13 3
24 3
13 73
24 4
1 18
5 42
13 56
2 36
1 99
23 45
27 10
22 41
4 43
9 63
1 16
2 34
1 97
2 14
2 9
1 77
1 74
24 2
22 77
13 97
4 90
5 25
1 35
7 59
6 51
4 65
5 2
9 0
22 9
6 12
5 77
22 31
22 10
27 1
22 8
2 88
2 47
2 23
1 88
9 20
21 11
20 72
7 20
6 90
2 10
1 73
16 66
19 15
9 59
4 97
5 34
18 96
2 67
1 11
7 27
6 83
17 81
20 65
16 88
17 21
16 76
2 74
13 6
17 86
16 87
17 22
1 2
2 51
4 84
5 23
5 75
6 10
16 86
17 64
17 23
16 70
9 21
4 4
4 78
5 13
13 39
1 1
9 91
13 53
9 44
17 40
16 89
2 2
1 65
7 13
6 97
15 32
5 69
6 4
15 33
7 42
6 68
15 43
15 36
16 19
15 84
9 25
16 93
7 88
14 39
16 75
1 10
22 16
26 53
19 25
27 54
29 12
4 0
4 86
5 21
15 44
4 56
2 65
13 20
13 12
15 35
1 57
16 81
1 27
28 85
9 82
14 48
16 34
15 97
9 26
2 90
19 29
1 36
23 98
11 71
13 21
2 24
1 87
4 27
9 89
20 79
16 54
16 32
6 17
5 80
9 41
11 67
16 36
4 10
7 85
6 25
19 14
5 88
2 18
1 81
11 75
6 13
5 76
2 44
7 14
6 96
26 58
13 36
22 6
16 24
9 64
4 3
15 54
9 2
6 23
5 86
13 93
2 29
1 94
14 28
26 50
2 25
1 90
20 59
13 94
9 80
5 39
27 16
10 92
27 78
2 11
1 76
4 85
5 22
23 34
16 48
9 98
19 27
29 7
10 56
11 91
17 78
27 7
26 69
1 30
10 99
12 42
12 30
7 82
6 28
5 93
28 55
9 42
10 61
10 68
1 17
10 88
2 98
9 84
10 90
10 93
11 52
2 81
14 94
1 26
9 8
8 73
13 48
22 26
1 55
1 28
1 50
3 95
4 30
13 24
18 63
1 58
27 47
16 41
24 0
12 57
2 0
1 63
0 87
1 22
25 46
4 71
5 4
# Substrate Size
100
# Slice Type
0
#Virtual Graph
# noVertices
8
# noArcs
7
# Vertices: id cpu
0 225
1 165
2 120
3 90
4 105
5 120
6 75
7 75
# Arcs: idS idT bandwidth delay
0 1 55 293
0 2 40 293
2 3 30 293
2 4 35 293
0 5 40 293
4 6 25 293
4 7 25 293
# Mapping
160
# Mapping pairs
4 97
4 96
4 85
4 84
4 76
4 74
4 63
4 62
4 60
4 58
4 57
4 54
4 53
4 44
4 43
4 42
4 38
4 64
4 36
4 37
4 66
4 29
4 27
4 25
4 22
4 21
4 47
4 7
4 32
4 2
4 0
4 86
2 96
2 89
2 80
2 78
4 89
2 76
2 66
4 69
2 62
2 85
2 60
2 58
2 55
2 54
2 57
2 49
2 43
2 38
2 36
2 64
2 35
2 30
2 29
2 25
2 22
4 19
2 12
2 0
2 20
7 5
7 7
2 42
7 4
7 20
7 12
2 97
7 19
2 5
6 14
2 33
7 2
6 15
6 25
4 33
5 96
4 40
5 63
4 23
2 27
3 86
4 15
4 5
3 78
4 1
3 64
2 53
2 2
4 4
4 78
3 40
4 50
2 81
3 23
4 49
4 3
3 66
2 44
2 40
2 21
3 89
2 47
2 23
3 74
4 20
3 85
6 29
2 1
1 84
2 19
2 32
2 4
7 62
1 54
4 80
1 35
1 44
1 43
2 3
4 12
7 0
1 36
1 58
1 38
2 7
1 33
4 14
3 21
3 22
1 97
2 14
3 49
3 81
4 81
4 30
1 50
6 27
2 84
1 53
4 35
1 32
1 69
2 69
2 74
3 37
1 47
2 86
2 37
3 55
1 80
7 3
2 15
2 63
3 76
7 1
4 55
2 50
0 57
1 60
# Substrate Size
100
# Slice Type
0
#Virtual Graph
# noVertices
8
# noArcs
7
# Vertices: id cpu
0 216
1 180
2 120
3 156
4 156
5 72
6 132
7 156
# Arcs: idS idT bandwidth delay
0 1 60 293
0 2 40 293
0 3 52 293
3 4 52 293
3 5 24 293
4 6 44 293
4 7 52 293
# Mapping
84
# Mapping pairs
4 99
4 95
4 92
4 88
4 79
4 73
4 72
4 65
4 90
4 62
4 61
4 59
4 57
4 42
4 20
4 19
4 7
4 4
4 3
4 2
4 1
3 92
3 90
3 88
3 79
3 72
4 5
3 68
3 99
4 0
3 73
3 65
3 59
3 57
3 20
3 19
3 12
3 5
3 93
3 3
3 0
7 1
7 2
7 3
3 62
7 7
4 12
7 0
6 59
3 42
7 5
6 65
3 95
6 72
4 30
6 79
3 61
3 2
5 42
3 1
2 61
3 4
2 68
2 99
2 56
7 19
2 88
3 7
7 12
4 56
3 30
2 90
7 62
4 68
5 57
5 30
2 93
4 93
2 92
1 73
7 20
7 4
3 56
0 95
# Substrate Size
100
# Slice Type
0
#Virtual Graph
# noVertices
14
# noArcs
13
# Vertices: id cpu
0 41
1 2
2 4
3 4
4 4
5 4
6 4
7 2
8 1
9 3
10 5
11 3
12 4
13 1
# Arcs: idS idT bandwidth delay
0 1 2 151
0 2 4 167
0 3 4 188
0 4 4 133
0 5 4 141
0 6 4 123
0 7 2 150
0 8 1 113
0 9 3 174
0 10 5 128
0 11 3 156
0 12 4 186
0 13 1 177
# Mapping
23
# Mapping pairs
12 58
11 39
13 42
10 87
9 72
9 79
6 29
7 95
5 90
4 83
4 31
3 45
3 98
8 11
2 62
6 25
5 88
2 0
13 57
1 73
11 48
12 43
0 22
# Substrate Size
100
# Slice Type
1
#Virtual Graph
# noVertices
12
# noArcs
11
# Vertices: id cpu
0 38
1 4
2 3
3 2
4 1
5 5
6 5
7 3
8 5
9 5
10 1
11 4
# Arcs: idS idT bandwidth delay
0 1 4 133
0 2 3 71
0 3 2 64
0 4 1 108
0 5 5 131
0 6 5 101
0 7 3 146
0 8 5 94
0 9 5 100
0 10 1 95
0 11 4 141
# Mapping
20
# Mapping pairs
11 65
11 79
10 87
9 63
9 96
6 52
6 67
5 98
5 45
4 56
8 73
7 2
4 90
7 7
3 11
1 94
1 28
2 70
0 30
2 46
# Substrate Size
100
# Slice Type
1
#Virtual Graph
# noVertices
10
# noArcs
9
# Vertices: id cpu
0 29
1 1
2 3
3 2
4 5
5 5
6 2
7 3
8 3
9 5
# Arcs: idS idT bandwidth delay
0 1 1 58
0 2 3 72
0 3 2 82
0 4 5 51
0 5 5 75
0 6 2 58
0 7 3 87
0 8 3 108
0 9 5 118
# Mapping
17
# Mapping pairs
9 98
9 45
8 65
7 96
5 24
7 63
5 83
8 72
6 39
4 11
3 87
2 91
1 57
6 28
2 75
1 42
0 95
# Substrate Size
100
# Slice Type
1
#Virtual Graph
# noVertices
8
# noArcs
7
# Vertices: id cpu
0 16
1 2
2 3
3 2
4 3
5 3
6 2
7 1
# Arcs: idS idT bandwidth delay
0 1 2 114
0 2 3 171
0 3 2 112
0 4 3 137
0 5 3 132
0 6 2 144
0 7 1 108
# Mapping
12
# Mapping pairs
6 81
6 85
4 87
7 73
3 95
2 38
5 30
5 57
2 84
1 96
1 63
0 0
# Substrate Size
100
# Slice Type
1
#Virtual Graph
# noVertices
9
# noArcs
8
# Vertices: id cpu
0 20
1 2
2 3
3 2
4 1
5 2
6 2
7 3
8 5
# Arcs: idS idT bandwidth delay
0 1 2 122
0 2 3 120
0 3 2 167
0 4 1 122
0 5 2 140
0 6 2 159
0 7 3 188
0 8 5 174
# Mapping
16
# Mapping pairs
7 74
8 2
6 98
7 21
4 79
5 57
3 33
3 69
4 72
2 16
2 46
6 34
5 42
1 73
8 4
0 93
# Substrate Size
100
# Slice Type
1
#Virtual Graph
# noVertices
10
# noArcs
9
# Vertices: id cpu
0 37
1 4
2 5
3 4
4 3
5 2
6 4
7 5
8 5
9 5
# Arcs: idS idT bandwidth delay
0 1 4 120
0 2 5 153
0 3 4 151
0 4 3 176
0 5 2 154
0 6 4 84
0 7 5 161
0 8 5 121
0 9 5 157
# Mapping
18
# Mapping pairs
9 27
7 59
8 52
7 79
9 25
5 99
8 67
4 85
6 11
4 78
3 98
5 92
2 94
3 34
2 28
1 63
1 96
0 42
# Substrate Size
100
# Slice Type
1
#Virtual Graph
# noVertices
5
# noArcs
4
# Vertices: id cpu
0 12
1 1
2 5
3 2
4 4
# Arcs: idS idT bandwidth delay
0 1 1 193
0 2 5 162
0 3 2 174
0 4 4 147
# Mapping
8
# Mapping pairs
3 42
3 30
2 96
1 98
1 45
2 63
0 92
4 95
# Substrate Size
100
# Slice Type
1
#Virtual Graph
# noVertices
28
# noArcs
27
# Vertices: id cpu
0 73
1 3
2 1
3 1
4 3
5 2
6 3
7 1
8 3
9 4
10 3
11 4
12 1
13 2
14 4
15 5
16 1
17 3
18 1
19 4
20 4
21 1
22 5
23 5
24 1
25 2
26 4
27 2
# Arcs: idS idT bandwidth delay
0 1 3 173
0 2 1 136
0 3 1 169
0 4 3 164
0 5 2 93
0 6 3 166
0 7 1 150
0 8 3 167
0 9 4 161
0 10 3 120
0 11 4 75
0 12 1 102
0 13 2 138
0 14 4 111
0 15 5 116
0 16 1 185
0 17 3 143
0 18 1 128
0 19 4 168
0 20 4 156
0 21 1 127
0 22 5 103
0 23 5 204
0 24 1 129
0 25 2 106
0 26 4 172
0 27 2 184
# Mapping
52
# Mapping pairs
27 80
26 94
25 34
24 42
23 37
22 41
26 39
22 77
19 27
18 99
25 98
17 75
16 84
15 10
16 43
14 18
13 1
11 96
27 53
13 5
10 70
15 31
9 89
18 88
9 85
8 36
7 3
11 63
6 92
10 83
19 14
4 40
7 2
14 13
21 87
23 66
4 64
3 38
8 35
24 30
12 95
3 58
2 19
6 61
17 91
1 59
5 11
20 21
0 73
1 79
20 22
2 7
# Substrate Size
100
# Slice Type
1
#Virtual Graph
# noVertices
26
# noArcs
25
# Vertices: id cpu
0 78
1 2
2 5
3 5
4 3
5 4
6 1
7 3
8 5
9 2
10 2
11 4
12 2
13 5
14 1
15 5
16 3
17 3
18 3
19 4
20 1
21 4
22 1
23 5
24 2
25 3
# Arcs: idS idT bandwidth delay
0 1 2 175
0 2 5 151
0 3 5 80
0 4 3 150
0 5 4 119
0 6 1 116
0 7 3 104
0 8 5 110
0 9 2 123
0 10 2 142
0 11 4 164
0 12 2 72
0 13 5 143
0 14 1 143
0 15 5 115
0 16 3 171
0 17 3 89
0 18 3 115
0 19 4 131
0 20 1 106
0 21 4 67
0 22 1 87
0 23 5 67
0 24 2 161
0 25 3 113
# Mapping
47
# Mapping pairs
23 87
24 67
25 73
22 10
21 11
20 92
20 68
19 57
18 97
18 35
17 46
24 71
13 60
12 41
11 23
16 22
14 5
11 64
15 54
10 15
10 25
9 58
9 38
8 48
14 0
7 95
8 39
6 82
6 24
5 96
19 42
4 98
3 88
12 8
3 90
16 86
5 63
13 69
17 18
2 19
1 37
1 55
4 45
2 20
15 84
0 79
22 31
# Substrate Size
100
# Slice Type
1
#Virtual Graph
# noVertices
20
# noArcs
19
# Vertices: id cpu
0 53
1 1
2 5
3 1
4 2
5 3
6 3
7 5
8 4
9 1
10 1
11 2
12 3
13 3
14 4
15 4
16 4
17 4
18 1
19 2
# Arcs: idS idT bandwidth delay
0 1 1 147
0 2 5 81
0 3 1 58
0 4 2 105
0 5 3 187
0 6 3 72
0 7 5 51
0 8 4 123
0 9 1 140
0 10 1 133
0 11 2 87
0 12 3 57
0 13 3 128
0 14 4 108
0 15 4 124
0 16 4 67
0 17 4 121
0 18 1 82
0 19 2 87
# Mapping
36
# Mapping pairs
19 96
18 87
19 63
17 92
14 50
13 79
13 72
15 27
14 38
12 77
12 26
16 13
11 48
10 2
17 99
10 4
16 46
9 43
8 20
8 62
7 11
15 14
6 75
5 55
4 45
4 34
5 66
3 42
2 73
3 30
1 40
11 28
1 64
6 52
9 54
0 95
# Substrate Size
100
# Slice Type
1
#Virtual Graph
# noVertices
25
# noArcs
100
# Vertices: id cpu
0 400
1 316
2 278
3 412
4 314
5 386
6 240
7 418
8 370
9 378
10 294
11 382
12 216
13 354
14 114
15 224
16 288
17 134
18 460
19 362
20 248
21 296
22 336
23 274
24 326
# Arcs: idS idT bandwidth delay
0 1 17 293
0 2 17 293
1 2 28 293
1 3 47 293
2 3 62 293
2 4 16 293
3 4 46 293
3 5 61 293
4 5 24 293
4 6 60 293
5 6 15 293
5 7 56 293
6 7 25 293
6 8 52 293
7 8 62 293
7 9 64 293
8 9 20 293
8 10 54 293
9 13 63 293
9 11 14 293
10 11 16 293
10 12 63 293
11 12 39 293
11 13 54 293
12 13 13 293
12 14 27 293
13 23 49 293
13 15 10 293
14 15 23 293
14 16 12 293
15 16 12 293
15 9 35 293
16 17 37 293
16 18 42 293
17 18 14 293
17 19 33 293
18 19 61 293
18 20 44 293
19 0 49 293
19 21 53 293
20 21 60 293
20 22 31 293
21 22 41 293
21 23 44 293
22 11 24 293
22 24 65 293
23 24 18 293
23 0 36 293
24 0 65 293
24 1 30 293
1 0 23 293
2 0 42 293
2 1 19 293
3 1 44 293
3 2 55 293
4 2 62 293
4 3 11 293
5 3 64 293
5 4 58 293
6 4 31 293
6 5 12 293
7 5 35 293
7 6 48 293
8 6 49 293
8 7 62 293
9 7 37 293
9 8 31 293
10 8 68 293
13 9 33 293
11 9 40 293
11 10 35 293
12 10 25 293
12 11 43 293
13 11 60 293
13 12 25 293
14 12 22 293
23 13 34 293
15 13 40 293
15 14 25 293
16 14 28 293
16 15 37 293
9 15 44 293
17 16 20 293
18 16 63 293
18 17 62 293
19 17 12 293
19 18 67 293
20 18 33 293
0 19 52 293
21 19 53 293
21 20 10 293
22 20 45 293
22 21 34 293
23 21 49 293
11 22 23 293
24 22 34 293
24 23 34 293
0 23 64 293
0 24 50 293
1 24 60 293
# Mapping
100
# Mapping pairs
24 40
24 64
24 78
23 93
23 88
24 23
22 17
22 46
21 31
21 26
21 9
20 44
20 35
19 62
19 12
19 7
19 20
18 85
18 66
18 37
17 80
22 13
17 50
17 60
17 58
16 82
16 24
16 51
18 49
15 5
15 0
15 1
21 10
15 2
14 34
13 6
15 4
13 41
13 77
20 36
11 65
11 72
11 79
18 55
18 74
10 14
11 59
10 29
23 90
14 45
10 15
10 27
17 53
9 96
9 63
18 89
8 81
8 86
23 99
7 32
7 84
17 47
7 33
7 54
6 39
6 94
4 52
20 97
4 67
4 91
12 11
3 61
8 22
13 16
5 42
3 56
8 21
17 69
6 28
3 92
15 3
18 76
7 43
22 18
3 68
2 73
16 83
1 95
6 48
17 38
16 70
19 19
5 30
5 57
10 25
14 98
13 8
4 71
0 87
4 75
# Substrate Size
100
# Slice Type
2
#Virtual Graph
# noVertices
7
# noArcs
28
# Vertices: id cpu
0 424
1 360
2 204
3 400
4 140
5 254
6 350
# Arcs: idS idT bandwidth delay
0 1 15 293
0 2 51 293
1 2 37 293
1 3 42 293
2 3 41 293
2 4 11 293
3 0 35 293
3 5 30 293
4 5 27 293
4 6 12 293
5 6 42 293
5 0 12 293
6 0 34 293
6 1 63 293
1 0 70 293
2 0 22 293
2 1 28 293
3 1 69 293
3 2 66 293
4 2 31 293
0 3 64 293
5 3 24 293
5 4 49 293
6 4 33 293
6 5 45 293
0 5 58 293
0 6 24 293
1 6 31 293
# Mapping
21
# Mapping pairs
6 34
6 45
5 11
4 63
4 96
3 75
3 67
3 91
2 92
3 71
2 68
2 99
3 52
2 56
2 88
2 90
6 98
2 93
1 95
2 61
0 87
# Substrate Size
100
# Slice Type
2
#Virtual Graph
# noVertices
22
# noArcs
88
# Vertices: id cpu
0 356
1 412
2 278
3 334
4 422
5 548
6 342
7 276
8 340
9 310
10 474
11 372
12 258
13 302
14 352
15 312
16 398
17 198
18 210
19 90
20 236
21 190
# Arcs: idS idT bandwidth delay
0 1 17 293
0 5 42 293
1 2 50 293
1 3 42 293
2 3 25 293
2 4 69 293
3 4 52 293
3 5 27 293
4 5 17 293
4 6 52 293
5 6 67 293
5 16 65 293
6 7 45 293
6 8 17 293
7 8 49 293
7 9 42 293
8 9 18 293
8 10 32 293
9 10 33 293
9 11 31 293
10 11 35 293
10 12 48 293
11 1 55 293
11 17 11 293
12 13 50 293
12 14 35 293
13 14 47 293
13 15 46 293
14 15 59 293
14 16 55 293
15 16 55 293
15 17 19 293
16 11 51 293
16 18 42 293
17 18 23 293
17 10 47 293
18 6 34 293
18 20 34 293
19 20 28 293
19 4 17 293
20 21 18 293
20 0 20 293
21 0 16 293
21 1 34 293
1 0 43 293
5 0 17 293
2 1 45 293
3 1 47 293
3 2 41 293
4 2 48 293
4 3 55 293
5 3 62 293
5 4 63 293
6 4 37 293
6 5 50 293
16 5 30 293
7 6 47 293
8 6 62 293
8 7 58 293
9 7 26 293
9 8 65 293
10 8 49 293
10 9 65 293
11 9 28 293
11 10 44 293
12 10 44 293
1 11 18 293
17 11 14 293
13 12 58 293
14 12 20 293
14 13 42 293
15 13 58 293
15 14 24 293
16 14 22 293
16 15 54 293
17 15 15 293
11 16 48 293
18 16 27 293
18 17 10 293
10 17 40 293
6 18 22 293
20 18 47 293
20 19 33 293
4 19 39 293
21 20 45 293
0 20 64 293
0 21 55 293
1 21 53 293
# Mapping
100
# Mapping pairs
21 31
21 26
21 9
20 44
20 35
19 62
19 12
19 7
19 20
18 85
18 66
18 37
17 53
17 50
17 60
17 58
16 82
16 24
16 70
17 38
19 19
16 51
18 49
16 46
17 80
16 18
16 13
15 0
15 1
21 10
14 34
13 6
15 4
13 41
13 77
20 36
11 65
11 72
11 79
18 55
18 74
10 14
11 59
10 29
14 45
10 15
10 25
10 27
9 96
9 63
18 89
8 81
8 86
8 23
7 32
15 2
8 64
7 84
8 40
7 33
17 47
7 54
6 94
4 52
20 97
4 67
4 91
13 16
5 42
12 11
8 22
3 61
6 28
8 21
17 69
3 56
3 92
16 17
7 43
15 3
18 76
3 68
3 99
15 5
3 88
3 90
6 39
3 93
2 73
5 57
5 30
8 78
1 95
6 48
16 83
14 98
13 8
4 71
0 87
4 75
# Substrate Size
100
# Slice Type
2
#Virtual Graph
# noVertices
10
# noArcs
40
# Vertices: id cpu
0 388
1 210
2 380
3 176
4 362
5 294
6 312
7 456
8 394
9 276
# Arcs: idS idT bandwidth delay
0 1 70 293
0 2 63 293
1 2 60 293
1 3 33 293
2 8 17 293
2 4 53 293
3 4 39 293
3 8 11 293
4 5 53 293
4 6 42 293
5 6 56 293
5 7 31 293
6 7 38 293
6 8 35 293
7 8 59 293
7 9 69 293
8 9 41 293
8 0 13 293
9 0 41 293
9 5 19 293
1 0 12 293
2 0 65 293
2 1 55 293
3 1 38 293
8 2 18 293
4 2 58 293
4 3 28 293
8 3 59 293
5 4 32 293
6 4 29 293
6 5 54 293
7 5 62 293
7 6 38 293
8 6 22 293
8 7 44 293
9 7 46 293
9 8 32 293
0 8 33 293
0 9 28 293
5 9 28 293
# Mapping
69
# Mapping pairs
9 0
9 5
9 1
9 3
9 20
8 45
9 19
8 98
7 41
7 16
7 26
7 31
7 17
8 34
7 51
7 83
7 70
7 9
6 11
9 4
5 63
7 8
4 81
7 6
4 86
4 22
7 77
5 96
4 40
4 49
4 64
7 24
4 55
7 46
4 66
4 37
7 13
4 78
4 89
4 76
9 62
4 21
4 85
3 94
2 52
1 92
4 23
7 82
2 75
7 10
1 61
4 74
9 7
1 56
2 91
1 68
3 48
7 18
2 71
1 99
2 67
3 39
1 88
1 93
3 28
1 90
9 2
9 12
0 73
# Substrate Size
100
# Slice Type
2
#Virtual Graph
# noVertices
6
# noArcs
24
# Vertices: id cpu
0 222
1 268
2 266
3 372
4 276
5 348
# Arcs: idS idT bandwidth delay
0 1 53 293
0 2 17 293
1 2 28 293
1 3 52 293
2 3 24 293
2 4 24 293
3 4 48 293
3 5 66 293
4 5 21 293
4 0 16 293
5 0 49 293
5 1 47 293
1 0 23 293
2 0 70 293
2 1 15 293
3 1 25 293
3 2 47 293
4 2 37 293
4 3 64 293
5 3 55 293
5 4 23 293
0 4 13 293
0 5 28 293
1 5 31 293
# Mapping
38
# Mapping pairs
5 1
5 2
4 41
4 6
4 16
4 31
4 9
4 77
4 13
4 46
4 26
5 0
4 18
5 3
4 70
5 5
4 83
4 82
2 52
5 62
2 75
4 10
2 71
4 24
5 20
2 67
2 91
4 8
3 63
4 17
5 7
5 19
1 95
5 12
3 96
4 51
0 87
5 4
# Substrate Size
100
# Slice Type
2
#Virtual Graph
# noVertices
13
# noArcs
52
# Vertices: id cpu
0 234
1 232
2 378
3 354
4 268
5 162
6 222
7 262
8 392
9 362
10 308
11 228
12 378
# Arcs: idS idT bandwidth delay
0 1 49 293
0 2 18 293
1 2 52 293
1 3 24 293
2 3 53 293
2 4 32 293
3 4 31 293
3 5 24 293
4 5 21 293
4 6 18 293
5 11 21 293
5 2 20 293
6 7 21 293
6 8 45 293
7 8 53 293
7 9 61 293
8 9 30 293
8 10 42 293
9 10 62 293
9 11 65 293
10 3 42 293
10 12 17 293
11 12 20 293
11 0 45 293
12 0 63 293
12 8 59 293
1 0 40 293
2 0 25 293
2 1 23 293
3 1 10 293
3 2 48 293
4 2 26 293
4 3 69 293
5 3 19 293
5 4 21 293
6 4 45 293
11 5 38 293
2 5 56 293
7 6 17 293
8 6 65 293
8 7 13 293
9 7 36 293
9 8 18 293
10 8 70 293
10 9 25 293
11 9 11 293
3 10 64 293
12 10 48 293
12 11 19 293
0 11 32 293
0 12 18 293
8 12 46 293
# Mapping
88
# Mapping pairs
12 0
12 2
12 3
12 7
12 1
12 20
12 62
11 34
11 45
11 98
10 6
10 16
10 31
10 41
10 13
10 46
10 82
9 11
8 63
8 96
7 81
10 24
7 40
7 23
7 37
7 64
7 49
7 55
10 77
7 89
7 76
6 84
12 5
6 33
6 43
7 78
6 32
6 54
10 18
7 74
6 36
7 66
6 44
6 58
6 47
6 50
10 51
6 80
5 39
5 48
5 94
4 52
4 67
4 91
10 9
7 86
7 22
6 38
10 10
3 56
10 83
7 85
3 61
3 92
12 4
5 28
3 68
10 8
3 99
6 97
10 70
3 88
6 53
3 90
10 26
6 69
3 93
12 19
10 17
2 73
7 21
12 12
1 95
4 71
0 87
4 75
6 35
6 60
# Substrate Size
100
# Slice Type
2
#Virtual Graph
# noVertices
26
# noArcs
104
# Vertices: id cpu
0 346
1 328
2 422
3 144
4 158
5 366
6 226
7 362
8 354
9 444
10 614
11 298
12 314
13 232
14 192
15 208
16 132
17 338
18 190
19 318
20 390
21 390
22 266
23 360
24 216
25 294
# Arcs: idS idT bandwidth delay
0 1 59 293
0 2 53 293
1 2 43 293
1 3 19 293
2 3 56 293
2 4 45 293
3 4 15 293
3 5 25 293
4 20 13 293
4 6 25 293
5 6 63 293
5 7 54 293
6 7 37 293
6 8 18 293
7 8 51 293
7 9 64 293
8 9 30 293
8 10 44 293
9 10 62 293
9 11 68 293
10 11 42 293
10 12 62 293
11 12 36 293
11 21 26 293
12 13 39 293
12 14 18 293
13 14 45 293
13 15 52 293
14 7 18 293
14 16 17 293
15 10 15 293
15 17 54 293
16 17 14 293
16 10 17 293
17 18 23 293
17 23 60 293
18 19 42 293
18 20 17 293
19 20 57 293
19 21 41 293
20 21 20 293
20 2 19 293
21 22 33 293
21 23 23 293
22 23 17 293
22 24 46 293
23 24 42 293
23 25 21 293
24 25 37 293
24 0 16 293
25 0 36 293
25 1 31 293
1 0 42 293
2 0 11 293
2 1 31 293
3 1 20 293
3 2 12 293
4 2 16 293
4 3 25 293
5 3 66 293
20 4 31 293
6 4 40 293
6 5 18 293
7 5 15 293
7 6 10 293
8 6 33 293
8 7 70 293
9 7 65 293
9 8 27 293
10 8 33 293
10 9 44 293
11 9 37 293
11 10 50 293
12 10 62 293
12 11 38 293
21 11 14 293
13 12 19 293
14 12 50 293
14 13 11 293
15 13 35 293
7 14 41 293
16 14 35 293
10 15 57 293
17 15 49 293
17 16 37 293
10 16 69 293
18 17 36 293
23 17 41 293
19 18 61 293
20 18 59 293
20 19 66 293
21 19 55 293
21 20 70 293
2 20 68 293
22 21 70 293
23 21 64 293
23 22 12 293
24 22 27 293
24 23 28 293
25 23 21 293
25 24 59 293
0 24 10 293
0 25 51 293
1 25 60 293
# Mapping
100
# Mapping pairs
25 38
24 40
24 64
25 47
24 78
23 93
23 88
24 23
22 17
22 46
21 31
21 26
21 9
20 44
20 35
19 62
19 12
19 7
19 20
18 85
18 66
18 37
17 80
22 13
17 60
16 82
16 24
16 51
18 49
15 5
15 0
15 1
21 10
15 2
14 34
13 6
15 4
13 41
13 77
20 36
11 65
11 72
11 79
18 55
18 74
10 14
11 59
10 29
23 90
14 45
10 15
10 27
17 53
9 96
9 63
18 89
8 81
8 86
23 99
7 32
7 84
7 33
7 54
6 39
6 94
4 52
20 97
4 67
4 91
12 11
3 61
8 22
13 16
5 42
17 69
8 21
3 56
6 28
3 92
15 3
18 76
25 58
7 43
22 18
25 50
3 68
2 73
16 83
1 95
6 48
16 70
19 19
5 30
5 57
10 25
14 98
13 8
4 71
0 87
4 75
# Substrate Size
100
# Slice Type
2
#Virtual Graph
# noVertices
29
# noArcs
116
# Vertices: id cpu
0 196
1 254
2 212
3 302
4 474
5 336
6 282
7 240
8 352
9 422
10 398
11 220
12 312
13 316
14 410
15 382
16 352
17 256
18 390
19 334
20 354
21 380
22 378
23 374
24 284
25 446
26 278
27 302
28 276
# Arcs: idS idT bandwidth delay
0 1 23 293
0 2 54 293
1 2 46 293
1 3 24 293
2 3 50 293
2 4 26 293
3 4 64 293
3 5 25 293
4 5 21 293
4 6 49 293
5 6 54 293
5 7 10 293
6 7 29 293
6 8 13 293
7 8 24 293
7 9 16 293
8 9 10 293
8 10 69 293
9 10 49 293
9 25 39 293
10 11 32 293
10 12 32 293
11 12 19 293
11 13 65 293
12 13 13 293
12 14 35 293
13 14 29 293
13 15 52 293
14 15 51 293
14 16 52 293
15 16 33 293
15 17 20 293
16 17 38 293
16 18 23 293
17 4 42 293
17 19 40 293
18 27 21 293
18 20 66 293
19 20 55 293
19 21 54 293
20 21 62 293
20 22 40 293
21 22 13 293
21 23 58 293
22 23 49 293
22 18 57 293
23 14 68 293
23 25 45 293
24 25 45 293
24 18 31 293
25 26 63 293
25 27 26 293
26 27 54 293
26 28 51 293
27 28 45 293
27 0 13 293
28 24 41 293
28 1 10 293
1 0 12 293
2 0 12 293
2 1 18 293
3 1 35 293
3 2 27 293
4 2 47 293
4 3 50 293
5 3 44 293
5 4 60 293
6 4 33 293
6 5 66 293
7 5 22 293
7 6 58 293
8 6 50 293
8 7 47 293
9 7 64 293
9 8 59 293
10 8 66 293
10 9 69 293
25 9 45 293
11 10 26 293
12 10 65 293
12 11 43 293
13 11 16 293
13 12 61 293
14 12 23 293
14 13 60 293
15 13 70 293
15 14 68 293
16 14 65 293
16 15 50 293
17 15 18 293
17 16 28 293
18 16 33 293
4 17 70 293
19 17 58 293
27 18 65 293
20 18 49 293
20 19 26 293
21 19 56 293
21 20 63 293
22 20 52 293
22 21 31 293
23 21 59 293
23 22 15 293
18 22 61 293
14 23 19 293
25 23 37 293
25 24 52 293
18 24 14 293
26 25 34 293
27 25 10 293
27 26 18 293
28 26 70 293
28 27 17 293
0 27 21 293
24 28 66 293
1 28 45 293
# Mapping
100
# Mapping pairs
28 91
26 37
26 49
26 55
25 38
27 3
24 40
24 64
25 47
24 78
23 93
23 88
24 23
27 4
22 17
22 46
21 31
21 26
21 9
20 44
20 35
19 62
19 12
19 7
28 75
17 80
22 13
17 60
16 82
16 24
16 51
15 5
15 0
15 1
21 10
14 34
13 6
13 41
13 77
20 36
11 65
11 72
18 74
11 79
10 14
14 45
10 15
18 85
10 27
17 53
9 96
19 20
18 89
9 63
8 81
8 86
23 99
7 32
7 84
27 2
7 33
7 54
6 39
11 59
10 29
23 90
6 94
4 52
20 97
4 67
12 11
3 61
8 22
13 16
5 42
17 69
8 21
3 56
6 28
3 92
18 76
25 58
7 43
22 18
25 50
3 68
2 73
26 66
16 83
6 48
1 95
16 70
19 19
5 30
5 57
10 25
14 98
13 8
4 71
0 87
# Substrate Size
100
# Slice Type
2
#Virtual Graph
# noVertices
25
# noArcs
100
# Vertices: id cpu
0 464
1 354
2 302
3 304
4 298
5 246
6 280
7 296
8 330
9 400
10 276
11 330
12 348
13 428
14 344
15 280
16 262
17 424
18 344
19 412
20 292
21 274
22 478
23 316
24 360
# Arcs: idS idT bandwidth delay
0 1 70 293
0 2 62 293
1 2 28 293
1 22 62 293
2 3 47 293
2 11 62 293
3 4 46 293
3 5 65 293
4 5 64 293
4 13 14 293
5 6 18 293
5 7 13 293
6 1 41 293
6 8 13 293
7 8 29 293
7 9 58 293
8 9 27 293
8 10 46 293
9 10 20 293
9 11 59 293
10 11 28 293
10 12 30 293
11 12 11 293
11 13 51 293
12 13 60 293
12 14 27 293
13 14 42 293
13 15 21 293
14 15 26 293
14 16 40 293
15 6 31 293
15 17 30 293
16 17 10 293
16 18 64 293
17 18 44 293
17 19 52 293
18 19 42 293
18 20 38 293
19 20 63 293
19 21 67 293
20 21 63 293
20 22 29 293
21 22 31 293
21 23 35 293
22 23 25 293
22 24 46 293
23 24 34 293
23 0 49 293
24 0 30 293
24 4 38 293
1 0 30 293
2 0 14 293
2 1 28 293
22 1 41 293
3 2 41 293
11 2 50 293
4 3 14 293
5 3 44 293
5 4 48 293
13 4 59 293
6 5 65 293
7 5 61 293
1 6 57 293
8 6 59 293
8 7 33 293
9 7 61 293
9 8 60 293
10 8 51 293
10 9 29 293
11 9 24 293
11 10 29 293
12 10 31 293
12 11 56 293
13 11 35 293
13 12 57 293
14 12 45 293
14 13 61 293
15 13 41 293
15 14 38 293
16 14 57 293
6 15 21 293
17 15 64 293
17 16 52 293
18 16 64 293
18 17 28 293
19 17 42 293
19 18 34 293
20 18 43 293
20 19 11 293
21 19 31 293
21 20 40 293
22 20 61 293
22 21 66 293
23 21 39 293
23 22 36 293
24 22 61 293
24 23 51 293
0 23 35 293
0 24 65 293
4 24 57 293
# Mapping
100
# Mapping pairs
24 40
24 64
24 78
23 93
23 88
24 23
22 17
22 46
21 31
21 26
21 9
20 44
20 35
19 62
19 12
19 7
19 20
18 85
18 66
18 37
17 80
22 13
17 50
17 60
17 58
16 82
16 24
16 51
18 49
15 5
15 0
15 1
21 10
15 2
14 34
13 6
15 4
13 41
13 77
20 36
11 65
11 72
11 79
18 55
18 74
10 14
11 59
10 29
23 90
14 45
10 15
10 27
17 53
9 96
9 63
18 89
8 81
8 86
23 99
7 32
7 84
17 47
7 33
7 54
6 39
6 94
4 52
20 97
4 67
4 91
12 11
3 61
8 22
13 16
5 42
3 56
8 21
17 69
6 28
3 92
15 3
18 76
7 43
22 18
3 68
2 73
16 83
1 95
6 48
17 38
16 70
19 19
5 30
5 57
10 25
14 98
13 8
4 71
0 87
4 75
# Substrate Size
100
# Slice Type
2
#Virtual Graph
# noVertices
6
# noArcs
24
# Vertices: id cpu
0 160
1 386
2 402
3 330
4 220
5 334
# Arcs: idS idT bandwidth delay
0 1 35 293
0 2 11 293
1 2 65 293
1 3 11 293
2 3 47 293
2 4 49 293
3 4 32 293
3 5 63 293
4 5 52 293
4 0 15 293
5 0 59 293
5 1 17 293
1 0 66 293
2 0 44 293
2 1 61 293
3 1 45 293
3 2 25 293
4 2 11 293
4 3 32 293
5 3 41 293
5 4 50 293
0 4 14 293
0 5 20 293
1 5 51 293
# Mapping
12
# Mapping pairs
4 28
4 48
3 42
4 94
3 57
2 73
3 30
1 95
5 63
0 87
4 39
5 96
# Substrate Size
100
# Slice Type
2
#Virtual Graph
# noVertices
6
# noArcs
24
# Vertices: id cpu
0 147
1 135
2 78
3 96
4 144
5 123
# Arcs: idS idT bandwidth delay
0 1 19 189
0 2 16 232
1 2 7 293
1 3 20 201
2 3 8 179
2 4 7 149
3 4 5 186
3 5 9 122
4 5 19 194
4 0 6 205
5 0 10 177
5 1 14 207
1 0 8 243
2 0 2 229
2 1 9 212
3 1 6 205
3 2 12 220
4 2 3 214
4 3 20 163
5 3 14 93
5 4 3 188
0 4 12 171
0 5 2 163
1 5 10 232
# Mapping
48
# Mapping pairs
5 34
5 45
5 98
4 14
4 15
4 27
3 96
2 78
4 25
2 64
4 29
2 40
2 21
2 23
2 55
2 66
2 89
2 76
2 85
1 54
1 43
1 35
1 44
1 36
1 58
1 33
1 38
1 97
1 50
1 53
1 60
1 32
1 69
2 49
0 52
2 22
1 84
0 75
3 63
2 74
0 67
1 47
2 37
1 80
2 86
0 71
0 91
2 81
# Substrate Size
100
# Slice Type
3
#Virtual Graph
# noVertices
29
# noArcs
116
# Vertices: id cpu
0 117
1 78
2 240
3 99
4 102
5 108
6 78
7 132
8 81
9 165
10 132
11 141
12 141
13 96
14 222
15 57
16 117
17 69
18 192
19 117
20 177
21 114
22 135
23 102
24 150
25 159
26 96
27 156
28 174
# Arcs: idS idT bandwidth delay
0 1 4 70
0 2 9 79
1 2 8 81
1 3 3 121
2 3 19 166
2 4 17 159
3 28 7 188
3 5 8 174
4 5 13 103
4 6 14 165
5 6 8 153
5 7 8 173
6 14 5 158
6 8 12 179
7 8 20 209
7 9 13 160
8 9 3 164
8 10 4 134
9 10 14 186
9 11 17 189
10 11 18 172
10 12 7 111
11 2 4 113
11 13 4 111
12 13 19 47
12 14 8 83
13 14 19 135
13 15 3 138
14 0 10 145
14 16 13 141
15 16 5 166
15 17 8 232
16 22 2 101
16 18 15 191
17 18 10 264
17 19 5 237
18 19 20 189
18 20 11 204
19 20 6 221
19 21 12 156
20 4 13 209
20 22 20 137
21 22 12 59
21 23 12 97
22 23 9 130
22 24 12 151
23 24 10 216
23 25 6 189
24 25 19 189
24 26 2 124
25 26 9 238
25 27 13 192
26 27 8 199
26 28 5 213
27 28 19 193
27 22 14 142
28 0 15 112
28 11 16 158
1 0 15 82
2 0 19 127
2 1 16 102
3 1 2 147
3 2 16 156
4 2 2 126
28 3 12 151
5 3 7 154
5 4 13 121
6 4 3 155
6 5 6 135
7 5 11 172
14 6 20 190
8 6 5 196
8 7 15 193
9 7 18 201
9 8 6 172
10 8 2 166
10 9 17 163
11 9 17 119
11 10 4 142
12 10 20 115
2 11 9 173
13 11 7 129
13 12 3 60
14 12 17 111
14 13 14 121
15 13 6 146
0 14 11 116
16 14 14 151
16 15 8 154
17 15 8 235
22 16 11 110
18 16 15 184
18 17 18 212
19 17 17 229
19 18 4 189
20 18 8 230
20 19 18 203
21 19 14 125
4 20 5 181
22 20 6 168
22 21 4 103
23 21 14 142
23 22 4 126
24 22 20 132
24 23 9 149
25 23 19 110
25 24 12 198
26 24 8 101
26 25 11 206
27 25 4 233
27 26 15 228
28 26 11 217
28 27 4 163
22 27 3 143
0 28 15 111
11 28 18 145
# Mapping
100
# Mapping pairs
28 91
26 37
26 49
26 55
25 38
27 3
24 40
24 64
25 47
24 78
23 93
23 88
24 23
27 4
22 17
22 46
21 31
21 26
21 9
20 44
20 35
19 62
19 12
19 7
28 75
17 80
22 13
17 60
16 82
16 24
16 51
15 5
15 0
15 1
21 10
14 34
13 6
13 41
13 77
20 36
11 65
11 72
18 74
11 79
10 14
14 45
10 15
18 85
10 27
17 53
9 96
19 20
18 89
9 63
8 81
8 86
23 99
7 32
7 84
27 2
7 33
7 54
6 39
11 59
10 29
23 90
6 94
4 52
20 97
4 67
12 11
3 61
8 22
13 16
5 42
17 69
8 21
3 56
6 28
3 92
18 76
25 58
7 43
22 18
25 50
3 68
2 73
26 66
16 83
6 48
1 95
16 70
19 19
5 30
5 57
10 25
14 98
13 8
4 71
0 87
# Substrate Size
100
# Slice Type
3
#Virtual Graph
# noVertices
10
# noArcs
40
# Vertices: id cpu
0 132
1 123
2 114
3 114
4 174
5 147
6 150
7 159
8 126
9 96
# Arcs: idS idT bandwidth delay
0 1 11 79
0 2 12 97
1 2 5 129
1 3 17 172
2 3 11 153
2 4 2 220
3 4 12 227
3 5 12 150
4 5 20 149
4 6 17 135
5 6 9 111
5 7 19 160
6 7 13 71
6 8 15 83
7 8 5 151
7 9 18 166
8 9 3 168
8 0 8 145
9 0 3 177
9 1 20 148
1 0 16 127
2 0 6 115
2 1 19 114
3 1 4 121
3 2 10 135
4 2 9 199
4 3 12 211
5 3 4 187
5 4 17 214
6 4 9 152
6 5 13 115
7 5 13 160
7 6 17 83
8 6 11 111
8 7 20 141
9 7 4 173
9 8 5 185
0 8 15 116
0 9 6 131
1 9 3 150
# Mapping
63
# Mapping pairs
9 1
9 2
9 3
9 4
9 7
9 20
9 12
8 45
8 98
9 19
7 41
7 26
7 17
7 18
7 51
8 34
7 83
7 70
7 82
5 29
5 25
9 0
5 27
4 81
7 8
4 86
7 6
4 22
4 40
7 77
4 23
4 64
4 49
5 14
7 16
4 55
7 24
4 37
4 66
7 46
4 74
7 10
5 15
4 76
3 39
3 48
4 78
7 13
4 89
6 11
7 9
3 94
2 57
7 31
4 21
9 62
4 85
1 73
2 42
3 28
2 30
0 87
9 5
# Substrate Size
100
# Slice Type
3
#Virtual Graph
# noVertices
30
# noArcs
120
# Vertices: id cpu
0 153
1 105
2 135
3 168
4 165
5 138
6 132
7 159
8 189
9 150
10 174
11 81
12 57
13 33
14 165
15 150
16 135
17 96
18 99
19 126
20 105
21 81
22 75
23 198
24 132
25 156
26 69
27 147
28 171
29 123
# Arcs: idS idT bandwidth delay
0 1 11 70
0 2 14 79
1 2 4 81
1 3 2 121
2 3 13 166
2 4 13 159
3 4 13 204
3 5 9 174
4 5 15 103
4 10 6 171
5 6 13 153
5 7 6 149
6 7 20 140
6 8 7 179
7 8 18 190
7 9 8 146
8 9 16 164
8 10 16 134
9 10 13 186
9 11 15 189
10 28 4 189
10 12 13 111
11 12 7 67
11 27 4 165
12 17 4 133
12 14 6 83
13 14 8 135
13 15 3 138
14 15 12 156
14 16 11 141
15 16 8 166
15 0 20 170
16 17 10 179
16 3 20 156
17 18 18 264
17 19 8 237
18 5 2 199
18 20 18 204
19 20 10 221
19 21 14 156
20 21 5 153
20 22 18 137
21 7 6 115
21 23 11 97
22 23 7 130
22 24 15 151
23 24 16 216
23 25 10 189
24 25 14 189
24 26 12 124
25 26 18 238
25 27 12 192
26 27 5 199
26 28 11 213
27 28 6 193
27 29 9 235
28 16 2 105
28 0 14 112
29 0 16 108
29 1 10 145
1 0 19 82
2 0 15 127
2 1 4 102
3 1 13 147
3 2 11 156
4 2 17 126
4 3 17 166
5 3 2 154
5 4 7 121
10 4 20 205
6 5 17 135
7 5 3 158
7 6 10 170
8 6 16 196
8 7 15 169
9 7 14 177
9 8 8 172
10 8 8 166
10 9 13 163
11 9 16 119
28 10 12 156
12 10 3 115
12 11 6 117
27 11 10 223
17 12 2 149
14 12 18 111
14 13 14 121
15 13 6 146
15 14 16 178
16 14 2 151
16 15 4 154
0 15 8 119
17 16 4 198
3 16 10 159
18 17 13 212
19 17 18 229
5 18 18 191
20 18 7 230
20 19 5 203
21 19 2 125
21 20 8 135
22 20 3 168
7 21 14 132
23 21 20 142
23 22 20 126
24 22 12 132
24 23 6 149
25 23 4 110
25 24 18 198
26 24 5 101
26 25 2 206
27 25 18 233
27 26 6 228
28 26 12 217
28 27 17 163
29 27 15 206
16 28 9 146
0 28 8 111
0 29 10 120
1 29 10 140
# Mapping
100
# Mapping pairs
29 43
29 54
28 91
26 37
26 49
26 55
25 38
27 3
24 40
24 64
25 47
24 78
23 93
23 88
24 23
27 4
22 17
22 18
25 50
22 46
21 31
21 26
21 9
20 44
20 35
19 62
19 12
19 7
28 75
18 76
25 58
17 80
22 13
17 60
16 82
16 24
16 51
15 5
15 0
15 1
21 10
14 34
13 6
13 41
13 77
20 36
11 65
11 72
18 74
11 79
10 14
14 45
10 15
18 85
10 27
17 53
9 96
19 20
18 89
9 63
8 81
8 86
23 99
7 32
7 84
27 2
7 33
6 39
11 59
10 29
23 90
6 94
4 52
20 97
4 67
12 11
3 61
8 22
13 16
5 42
17 69
8 21
3 56
6 28
3 92
3 68
2 73
26 66
16 83
6 48
1 95
19 19
16 70
5 30
5 57
10 25
14 98
13 8
4 71
0 87
# Substrate Size
100
# Slice Type
3
#Virtual Graph
# noVertices
28
# noArcs
112
# Vertices: id cpu
0 123
1 75
2 87
3 102
4 120
5 57
6 147
7 183
8 219
9 153
10 147
11 81
12 177
13 69
14 102
15 123
16 132
17 69
18 120
19 144
20 141
21 180
22 105
23 144
24 120
25 117
26 147
27 114
# Arcs: idS idT bandwidth delay
0 1 3 70
0 2 15 79
1 2 6 81
1 3 8 121
2 3 9 166
2 4 4 159
3 4 2 204
3 5 13 174
4 5 13 103
4 6 7 165
5 6 2 153
5 7 8 173
6 7 10 164
6 8 19 179
7 8 18 209
7 9 12 160
8 9 18 164
8 10 16 134
9 10 12 186
9 11 20 189
10 11 20 172
10 12 8 111
11 12 9 67
11 8 12 171
12 13 19 47
12 14 17 83
13 14 3 135
13 15 11 138
14 15 5 156
14 16 2 141
15 16 9 166
15 17 16 232
16 17 16 179
16 18 3 191
17 18 6 264
17 19 5 237
18 19 17 189
18 20 6 204
19 20 16 221
19 21 15 156
20 21 16 153
20 22 4 137
21 22 19 59
21 23 7 97
22 23 16 130
22 24 4 151
23 24 10 216
23 25 20 189
24 25 11 189
24 26 6 124
25 26 15 238
25 27 2 192
26 27 4 199
26 0 10 150
27 0 18 177
27 1 5 152
1 0 2 82
2 0 6 127
2 1 10 102
3 1 17 147
3 2 2 156
4 2 8 126
4 3 12 166
5 3 3 154
5 4 6 121
6 4 9 155
6 5 11 135
7 5 12 172
7 6 19 184
8 6 12 196
8 7 20 193
9 7 15 201
9 8 4 172
10 8 12 166
10 9 9 163
11 9 3 119
11 10 3 142
12 10 12 115
12 11 11 117
8 11 7 181
13 12 9 60
14 12 8 111
14 13 19 121
15 13 14 146
15 14 2 178
16 14 9 151
16 15 16 154
17 15 2 235
17 16 10 198
18 16 3 184
18 17 14 212
19 17 3 229
19 18 14 189
20 18 16 230
20 19 11 203
21 19 18 125
21 20 16 135
22 20 4 168
22 21 11 103
23 21 3 142
23 22 15 126
24 22 8 132
24 23 15 149
25 23 2 110
25 24 20 198
26 24 20 101
26 25 15 206
27 25 6 233
27 26 9 228
0 26 7 185
0 27 16 131
1 27 9 133
# Mapping
100
# Mapping pairs
26 49
26 55
25 38
27 3
24 40
24 64
25 47
24 78
23 93
23 88
24 23
27 4
22 17
22 46
21 31
21 26
21 9
20 44
20 35
19 62
19 12
19 7
19 20
17 80
22 13
17 60
16 82
16 24
16 51
15 5
15 0
15 1
21 10
14 34
13 6
13 41
13 77
20 36
11 65
11 72
18 74
11 79
10 14
11 59
10 29
23 90
14 45
10 15
18 85
10 27
17 53
9 96
18 89
9 63
8 81
8 86
23 99
7 32
7 84
27 2
7 33
7 54
6 39
6 94
4 52
20 97
4 67
4 91
12 11
3 61
8 22
13 16
5 42
17 69
8 21
3 56
6 28
3 92
18 76
25 58
7 43
22 18
25 50
3 68
2 73
26 66
16 83
1 95
6 48
16 70
19 19
5 30
5 57
10 25
14 98
13 8
4 71
0 87
4 75
26 37
# Substrate Size
100
# Slice Type
3
#Virtual Graph
# noVertices
10
# noArcs
40
# Vertices: id cpu
0 102
1 111
2 150
3 150
4 132
5 126
6 66
7 66
8 117
9 96
# Arcs: idS idT bandwidth delay
0 1 5 166
0 2 11 159
1 2 6 204
1 3 5 201
2 3 15 189
2 4 13 232
3 4 9 293
3 5 17 204
4 5 7 149
4 6 2 196
5 2 20 205
5 7 9 111
6 7 3 67
6 8 9 150
7 8 6 83
7 9 12 98
8 9 18 168
8 0 14 87
9 0 14 148
9 1 6 216
1 0 6 156
2 0 7 126
2 1 6 166
3 1 15 188
3 2 9 243
4 2 16 229
4 3 19 212
5 3 10 188
5 4 3 214
6 4 10 219
2 5 9 171
7 5 2 115
7 6 2 117
8 6 4 191
8 7 3 111
9 7 5 143
9 8 7 185
0 8 8 106
0 9 10 150
1 9 20 208
# Mapping
71
# Mapping pairs
9 5
9 3
9 4
9 7
8 45
7 11
6 79
5 14
5 27
6 72
4 81
4 86
4 22
4 40
4 64
4 49
4 55
4 89
6 65
5 15
4 76
5 25
9 0
3 32
4 37
4 66
3 54
4 85
9 62
4 21
3 84
3 44
3 36
3 97
3 58
4 78
3 69
9 19
8 98
3 80
3 38
2 52
4 23
1 92
2 75
3 33
9 1
4 74
1 61
1 56
3 35
8 34
3 47
6 59
5 29
2 91
1 68
2 71
1 99
2 67
3 43
1 88
1 93
1 90
9 2
3 53
9 12
0 73
3 50
9 20
3 60
# Substrate Size
100
# Slice Type
3
#Virtual Graph
# noVertices
22
# noArcs
88
# Vertices: id cpu
0 165
1 177
2 168
3 201
4 144
5 105
6 147
7 153
8 108
9 114
10 168
11 153
12 111
13 171
14 111
15 162
16 141
17 117
18 108
19 120
20 147
21 126
# Arcs: idS idT bandwidth delay
0 1 19 70
0 2 14 79
1 2 11 81
1 3 19 121
2 3 15 166
2 4 9 159
3 4 19 204
3 5 20 174
4 5 17 103
4 6 17 165
5 6 18 153
5 7 2 173
6 7 7 164
6 8 19 187
7 8 12 217
7 1 18 145
8 9 12 164
8 10 2 134
9 10 13 186
9 11 12 189
10 11 5 172
10 2 6 157
11 12 5 67
11 13 14 111
12 13 14 47
12 14 19 83
13 14 20 135
13 15 15 150
14 15 2 168
14 16 9 141
15 16 16 173
15 17 7 239
16 17 16 179
16 18 10 220
17 18 10 293
17 19 4 237
18 19 10 189
18 20 7 204
19 20 2 221
19 21 20 156
20 21 15 153
20 0 14 115
21 0 5 81
21 10 8 112
1 0 9 82
2 0 3 127
2 1 14 102
3 1 16 147
3 2 12 156
4 2 8 126
4 3 6 166
5 3 4 154
5 4 11 121
6 4 10 155
6 5 13 135
7 5 19 172
7 6 2 184
8 6 4 196
8 7 18 193
1 7 20 140
9 8 13 180
10 8 18 174
10 9 11 163
11 9 14 119
11 10 18 142
2 10 15 170
12 11 4 117
13 11 17 129
13 12 5 60
14 12 8 111
14 13 18 121
15 13 20 153
15 14 11 185
16 14 13 151
16 15 8 166
17 15 14 247
17 16 11 198
18 16 9 184
18 17 10 212
19 17 4 229
19 18 14 218
20 18 18 259
20 19 2 203
21 19 11 125
21 20 18 135
0 20 7 102
0 21 15 71
10 21 16 137
# Mapping
100
# Mapping pairs
21 31
21 26
21 9
20 44
20 35
19 62
19 12
19 7
19 20
18 85
18 66
18 37
17 53
17 50
17 60
17 58
16 82
16 24
16 70
17 38
19 19
16 51
18 49
16 46
17 80
16 18
16 13
15 0
15 1
21 10
14 34
13 6
15 4
13 41
13 77
20 36
11 65
11 72
11 79
18 55
18 74
10 14
11 59
10 29
14 45
10 15
10 25
10 27
9 96
9 63
18 89
8 81
8 86
8 23
7 32
15 2
8 64
7 84
8 40
7 33
17 47
7 54
6 94
4 52
20 97
4 67
4 91
13 16
5 42
12 11
8 22
3 61
6 28
8 21
17 69
3 56
3 92
16 17
7 43
15 3
18 76
3 68
3 99
15 5
3 88
3 90
6 39
3 93
2 73
5 57
5 30
8 78
1 95
6 48
16 83
14 98
13 8
4 71
0 87
4 75
# Substrate Size
100
# Slice Type
3
#Virtual Graph
# noVertices
26
# noArcs
104
# Vertices: id cpu
0 117
1 105
2 135
3 186
4 150
5 123
6 129
7 105
8 117
9 117
10 174
11 138
12 87
13 135
14 153
15 114
16 177
17 171
18 162
19 138
20 78
21 141
22 117
23 87
24 123
25 138
# Arcs: idS idT bandwidth delay
0 1 6 70
0 2 5 79
1 2 14 81
1 3 15 121
2 3 10 166
2 4 13 159
3 4 17 204
3 5 17 174
4 5 13 103
4 6 10 165
5 6 19 153
5 7 11 173
6 7 17 164
6 8 14 179
7 8 12 209
7 9 14 160
8 9 3 164
8 10 14 134
9 10 6 186
9 11 16 189
10 11 11 172
10 12 17 111
11 12 18 67
11 13 9 111
12 13 10 47
12 14 11 83
13 14 13 135
13 15 2 150
14 15 7 168
14 16 14 141
15 16 19 173
15 17 6 239
16 17 4 179
16 18 19 220
17 18 11 293
17 19 16 237
18 19 10 189
18 20 13 204
19 13 8 143
19 21 19 156
20 21 16 153
20 22 5 137
21 22 4 59
21 23 17 97
22 23 14 130
22 24 12 151
23 24 3 216
23 25 7 189
24 25 4 189
24 0 17 133
25 0 7 94
25 1 10 131
1 0 4 82
2 0 12 127
2 1 10 102
3 1 16 147
3 2 12 156
4 2 20 126
4 3 7 166
5 3 4 154
5 4 7 121
6 4 10 155
6 5 2 135
7 5 4 172
7 6 5 184
8 6 3 196
8 7 19 193
9 7 13 201
9 8 4 172
10 8 20 166
10 9 10 163
11 9 16 119
11 10 3 142
12 10 2 115
12 11 6 117
13 11 20 129
13 12 7 60
14 12 17 111
14 13 13 121
15 13 6 153
15 14 7 185
16 14 18 151
16 15 18 166
17 15 20 247
17 16 10 198
18 16 16 184
18 17 15 212
19 17 10 229
19 18 9 218
20 18 5 259
13 19 3 140
21 19 14 125
21 20 12 135
22 20 2 168
22 21 11 103
23 21 17 142
23 22 2 126
24 22 12 132
24 23 8 149
25 23 11 110
25 24 18 198
0 24 8 145
0 25 20 118
1 25 2 138
# Mapping
100
# Mapping pairs
25 38
24 40
24 64
25 47
24 78
23 93
23 88
24 23
22 17
22 46
21 31
21 26
21 9
20 44
20 35
19 62
19 12
19 7
19 20
18 85
18 66
18 37
17 80
22 13
17 60
16 82
16 24
16 51
18 49
15 5
15 0
15 1
21 10
15 2
14 34
13 6
15 4
13 41
13 77
20 36
11 65
11 72
11 79
18 55
18 74
10 14
11 59
10 29
23 90
14 45
10 15
10 27
17 53
9 96
9 63
18 89
8 81
8 86
23 99
7 32
7 84
7 33
7 54
6 39
6 94
4 52
20 97
4 67
4 91
12 11
3 61
8 22
13 16
5 42
17 69
8 21
3 56
6 28
3 92
15 3
18 76
25 58
7 43
22 18
25 50
3 68
2 73
16 83
1 95
6 48
16 70
19 19
5 30
5 57
10 25
14 98
13 8
4 71
0 87
4 75
# Substrate Size
100
# Slice Type
3
#Virtual Graph
# noVertices
29
# noArcs
116
# Vertices: id cpu
0 156
1 225
2 123
3 93
4 87
5 138
6 147
7 63
8 171
9 153
10 135
11 144
12 120
13 111
14 102
15 159
16 87
17 111
18 159
19 93
20 45
21 159
22 156
23 111
24 210
25 144
26 72
27 129
28 132
# Arcs: idS idT bandwidth delay
0 1 18 70
0 2 2 79
1 2 18 81
1 3 17 121
2 3 18 166
2 4 12 159
3 4 3 204
3 5 8 174
4 5 17 103
4 27 2 178
5 6 15 153
5 7 12 173
6 7 4 164
6 8 13 179
7 8 3 209
7 9 3 160
8 9 19 164
8 10 14 134
9 10 11 186
9 11 13 189
10 11 9 172
10 12 20 111
11 6 11 143
11 13 11 111
12 13 17 47
12 14 14 83
13 14 8 135
13 15 4 138
14 15 3 156
14 16 16 141
15 16 6 166
15 17 19 232
16 24 5 180
16 18 8 191
17 18 6 264
17 6 12 225
18 19 7 189
18 1 13 172
19 20 10 221
19 21 18 156
20 21 10 153
20 22 2 137
21 22 16 59
21 23 14 97
22 0 12 114
22 24 20 151
23 24 8 216
23 25 20 189
24 25 18 189
24 27 20 182
25 26 18 238
25 27 8 192
26 27 5 199
26 28 10 213
27 28 8 193
27 0 6 177
28 0 5 112
28 1 11 61
1 0 11 82
2 0 8 127
2 1 3 102
3 1 12 147
3 2 8 156
4 2 4 126
4 3 6 166
5 3 4 154
5 4 15 121
27 4 3 209
6 5 9 135
7 5 6 172
7 6 9 184
8 6 5 196
8 7 19 193
9 7 19 201
9 8 8 172
10 8 8 166
10 9 8 163
11 9 17 119
11 10 9 142
12 10 9 115
6 11 4 152
13 11 11 129
13 12 14 60
14 12 11 111
14 13 4 121
15 13 17 146
15 14 11 178
16 14 3 151
16 15 13 154
17 15 19 235
24 16 14 167
18 16 14 184
18 17 19 212
6 17 19 168
19 18 3 189
1 18 10 158
20 19 3 203
21 19 6 125
21 20 17 135
22 20 18 168
22 21 2 103
23 21 9 142
0 22 14 55
24 22 10 132
24 23 8 149
25 23 13 110
25 24 9 198
27 24 5 188
26 25 9 206
27 25 4 233
27 26 17 228
28 26 19 217
28 27 9 163
0 27 16 131
0 28 2 111
1 28 19 72
# Mapping
100
# Mapping pairs
28 91
26 37
26 49
26 55
25 38
27 3
24 40
24 64
25 47
24 78
23 93
23 88
24 23
27 4
22 17
22 46
21 31
21 26
21 9
20 44
20 35
19 62
19 12
19 7
28 75
17 80
22 13
17 60
16 82
16 24
16 51
15 5
15 0
15 1
21 10
14 34
13 6
13 41
13 77
20 36
11 65
11 72
18 74
11 79
10 14
14 45
10 15
18 85
10 27
17 53
9 96
19 20
18 89
9 63
8 81
8 86
23 99
7 32
7 84
27 2
7 33
7 54
6 39
11 59
10 29
23 90
6 94
4 52
20 97
4 67
12 11
3 61
8 22
13 16
5 42
17 69
8 21
3 56
6 28
3 92
18 76
25 58
7 43
22 18
25 50
3 68
2 73
26 66
16 83
6 48
1 95
16 70
19 19
5 30
5 57
10 25
14 98
13 8
4 71
0 87
# Substrate Size
100
# Slice Type
3
#Virtual Graph
# noVertices
17
# noArcs
68
# Vertices: id cpu
0 126
1 141
2 168
3 150
4 96
5 150
6 96
7 123
8 132
9 195
10 141
11 168
12 120
13 168
14 162
15 144
16 129
# Arcs: idS idT bandwidth delay
0 1 7 70
0 2 15 79
1 5 13 58
1 3 5 121
2 3 18 166
2 4 19 159
3 4 16 204
3 15 19 208
4 5 4 103
4 6 11 165
5 6 16 153
5 7 13 177
6 7 4 168
6 8 19 227
7 8 17 293
7 9 16 201
8 9 19 179
8 10 10 149
9 10 20 186
9 11 20 189
10 11 9 172
10 12 14 111
11 12 9 67
11 13 10 111
12 13 4 60
12 14 19 83
13 14 12 135
13 15 6 150
14 15 19 168
14 16 16 141
15 16 13 173
15 12 5 143
16 0 18 117
16 1 7 105
1 0 15 82
2 0 19 127
5 1 4 64
3 1 5 147
3 2 10 156
4 2 10 126
4 3 7 166
15 3 6 216
5 4 17 121
6 4 7 155
6 5 2 135
7 5 2 213
7 6 6 225
8 6 13 211
8 7 2 212
9 7 14 205
9 8 11 220
10 8 19 214
10 9 5 163
11 9 18 119
11 10 19 142
12 10 5 115
12 11 7 117
13 11 19 129
13 12 19 66
14 12 4 111
14 13 15 134
15 13 17 166
15 14 7 185
16 14 10 151
16 15 8 166
12 15 5 98
0 16 20 82
1 16 14 75
# Mapping
100
# Mapping pairs
16 82
16 24
16 70
16 51
16 46
16 18
15 0
15 1
15 3
15 4
15 19
14 45
14 34
13 6
13 41
13 77
15 20
13 10
12 11
15 12
11 65
11 72
11 79
10 14
10 15
10 27
9 96
9 63
15 62
8 86
8 64
15 2
8 23
8 55
8 89
8 81
8 74
8 85
8 37
7 32
8 40
7 84
7 33
7 43
16 17
7 54
7 36
8 66
7 97
7 53
7 60
7 47
16 13
7 80
10 29
7 69
11 59
6 94
8 49
13 31
7 44
7 58
4 52
4 67
8 76
7 38
4 91
5 42
13 16
8 22
3 61
6 28
8 21
3 56
3 92
3 68
3 99
3 88
15 5
3 90
13 26
6 39
3 93
15 7
2 73
1 95
6 48
16 83
8 78
5 57
5 30
10 25
7 35
7 50
4 71
0 87
13 9
13 8
14 98
4 75
# Substrate Size
100
# Slice Type
3
