#Substrate Graph
# noVertices
200
# noArcs
472
# Vertices: id cost cpu group
0 15 2237 2
1 41 13030 2
2 37 498 2
3 48 158 2
4 42 1429 2
5 40 340 2
6 14 127 2
7 13 1673 2
8 40 387 2
9 35 73 2
10 47 95 2
11 22 4668 2
12 26 66 2
13 11 970 2
14 36 139 2
15 23 82 2
16 3 13851 6
17 9 1096 2
18 8 376 6
19 50 7 2
20 21 303 2
21 12 316 2
22 5 950 6
23 42 424 2
24 13 9 6
25 19 21 2
26 50 2028 6
27 47 81 2
28 31 870 6
29 13 13 6
30 46 1193 6
31 4 411 6
32 40 411 6
33 41 1477 2
34 31 1270 6
35 16 1356 6
36 6 13 6
37 38 913 2
38 49 7 6
39 14 1232 6
40 1 588 6
41 1 907 2
42 23 2432 2
43 21 26713 14
44 37 3545 6
45 34 11 6
46 3 1173 2
47 6 29804 14
48 23 1314 6
49 43 1334 2
50 46 963 6
51 28 15596 14
52 3 3005 2
53 28 5 2
54 14 1875 6
55 50 1354 6
56 32 12535 14
57 46 5752 14
58 8 9739 14
59 13 4874 4
60 37 6048 8
61 11 1322 6
62 28 5890 34
63 32 1299 6
64 37 8589 14
65 7 6061 14
66 47 9167 0
67 15 668 8
68 45 6040 22
69 33 12541 14
70 6 817 22
71 19 3920 39
72 17 942 4
73 18 1308 6
74 31 5688 17
75 28 7158 8
76 43 1408 22
77 32 4287 31
78 1 1617 8
79 11 8593 14
80 4 1283 22
81 49 1185 6
82 15 753 6
83 48 155 4
84 21 1539 8
85 9 712 8
86 18 3521 0
87 37 6797 39
88 38 382 4
89 48 6622 14
90 12 593 8
91 33 1544 8
92 42 6931 7
93 34 3230 7
94 41 2299 6
95 27 1398 8
96 43 735 0
97 36 712 8
98 18 3820 4
99 41 416 6
100 35 1312 14
101 35 4233 34
102 8 1356 7
103 32 5357 27
104 49 3787 27
105 45 1116 2
106 17 1423 6
107 44 7753 24
108 9 2759 14
109 34 2822 2
110 20 4580 17
111 26 488 6
112 21 5279 14
113 20 372 27
114 5 2042 8
115 25 1236 8
116 16 1389 8
117 8 846 6
118 47 7068 3
119 23 3438 31
120 9 2105 27
121 23 3155 36
122 30 1983 22
123 23 1158 7
124 25 30 8
125 22 2304 36
126 30 8107 14
127 33 4639 13
128 4 3888 11
129 8 502 6
130 4 2145 7
131 26 6323 10
132 32 76 27
133 21 5263 3
134 23 2912 27
135 19 2428 27
136 26 2045 7
137 6 1885 13
138 24 2367 4
139 18 2996 13
140 46 2485 24
141 29 444 6
142 31 1273 6
143 35 515 2
144 21 1934 3
145 23 2508 36
146 38 8406 14
147 19 2681 10
148 40 771 13
149 30 2 14
150 33 4440 34
151 9 3320 36
152 19 1145 0
153 15 3222 24
154 20 9435 37
155 30 1497 0
156 48 1636 27
157 30 1021 6
158 25 2652 14
159 6 1208 11
160 43 4704 24
161 37 2868 37
162 26 1227 6
163 28 2145 17
164 32 1177 37
165 30 420 11
166 24 2021 27
167 25 213 6
168 3 1168 7
169 34 1589 8
170 21 4718 31
171 10 2892 37
172 37 498 14
173 42 1601 8
174 14 5 27
175 16 411 13
176 27 196 11
177 25 1888 27
178 41 1234 13
179 35 671 11
180 22 1850 13
181 19 1330 7
182 9 5437 10
183 21 99 8
184 29 1157 0
185 22 392 11
186 23 837 14
187 30 2928 22
188 25 1144 27
189 12 1688 13
190 40 1303 37
191 15 4313 37
192 1 1650 4
193 10 114 0
194 19 2116 27
195 37 5085 0
196 30 695 13
197 44 223 8
198 38 4341 11
199 12 2956 13
# Arcs: idS idT bandwidth cost delay
0 1 544 40 29
1 0 386 46 6
0 2 71 43 33
2 0 211 7 17
1 3 69 39 36
3 1 79 28 26
1 4 347 2 9
4 1 386 19 16
1 6 45 8 28
6 1 57 19 38
1 11 2014 8 36
11 1 2074 8 36
1 14 30 36 33
14 1 74 50 5
1 16 3752 14 30
16 1 3405 23 37
1 43 4957 30 26
43 1 4552 32 24
1 49 261 6 26
49 1 227 50 20
1 37 474 30 13
37 1 424 46 34
1 17 189 47 28
17 1 561 12 13
2 7 103 15 25
7 2 155 14 13
2 13 27 10 8
13 2 141 5 36
2 37 135 11 7
37 2 102 45 26
3 5 65 22 11
5 3 79 38 25
4 23 164 29 17
23 4 193 25 23
5 10 42 21 39
10 5 21 30 6
5 15 9 9 27
15 5 41 1 28
6 20 57 13 39
20 6 68 20 28
6 25 11 34 17
25 6 11 36 38
7 8 103 35 31
8 7 203 18 34
7 9 271 45 32
9 7 75 23 28
8 12 236 26 28
12 8 33 41 17
8 9 66 49 6
9 8 253 8 10
8 11 147 33 35
11 8 286 19 7
10 21 24 42 8
21 10 24 11 40
10 25 11 32 27
25 10 8 11 7
10 14 43 4 11
14 10 20 12 20
11 13 217 20 29
13 11 171 26 13
11 33 521 17 11
33 11 782 26 22
11 37 207 12 20
37 11 305 48 29
11 109 1202 6 32
109 11 1013 12 21
14 17 19 34 5
17 14 23 17 33
14 27 30 7 10
27 14 41 29 33
16 18 76 26 5
18 16 88 34 32
16 22 238 44 32
22 16 204 1 16
16 24 5 16 8
24 16 252 35 28
16 26 508 35 37
26 16 430 17 37
16 28 370 29 25
28 16 294 48 5
16 29 6 28 27
29 16 278 9 24
16 30 249 2 33
30 16 288 6 28
16 32 80 32 12
32 16 68 13 18
16 35 244 16 35
35 16 267 26 8
16 39 245 28 19
39 16 269 40 20
16 44 1343 25 23
44 16 1290 25 7
16 48 271 47 25
48 16 276 26 5
16 50 266 9 35
50 16 205 36 20
16 68 2720 41 17
68 16 2519 17 21
16 94 799 2 7
94 16 760 1 25
16 146 3437 7 28
146 16 3104 22 11
17 19 4 41 26
19 17 227 34 20
17 53 2 3 7
53 17 227 22 34
19 20 227 23 31
20 19 222 37 11
21 27 42 8 15
27 21 20 43 31
23 143 150 11 9
143 23 206 7 11
26 36 6 14 13
36 26 273 31 10
28 31 160 38 17
31 28 181 12 22
28 34 264 39 39
34 28 289 50 5
28 38 3 37 10
38 28 252 23 20
28 117 193 46 15
117 28 148 19 26
31 40 145 47 17
40 31 129 32 29
33 41 383 8 25
41 33 610 41 38
33 105 213 42 18
105 33 261 35 34
37 49 20 24 19
49 37 107 37 30
41 42 366 39 10
42 41 617 33 9
42 46 90 2 38
46 42 242 10 12
43 47 7169 25 12
47 43 7324 19 11
43 51 5338 12 23
51 43 4269 49 15
43 66 3277 9 23
66 43 2954 48 7
43 77 1721 23 30
77 43 1091 13 26
43 146 2224 3 36
146 43 2685 32 5
43 65 1545 20 36
65 43 1507 17 40
43 195 1995 39 11
195 43 2438 39 30
44 45 4 39 32
45 44 273 28 36
44 54 522 20 8
54 44 457 34 22
44 55 250 36 36
55 44 280 43 20
44 61 239 47 33
61 44 261 4 39
44 73 282 13 19
73 44 277 38 15
44 81 270 26 26
81 44 285 21 33
44 82 183 7 15
82 44 217 17 32
44 129 272 22 39
129 44 223 11 7
46 52 187 7 21
52 46 282 11 18
47 56 4848 17 7
56 47 5448 36 18
47 57 2277 45 5
57 47 2648 11 35
47 64 1653 5 31
64 47 2667 28 8
47 74 2063 29 17
74 47 2008 43 32
47 79 2542 21 21
79 47 3398 2 32
47 87 1517 2 33
87 47 1292 22 12
47 58 2935 31 16
58 47 2626 37 23
47 65 1744 30 34
65 47 1284 35 39
50 63 288 29 23
63 50 237 6 30
51 58 2245 18 33
58 51 1766 37 20
51 60 2962 39 26
60 51 2885 32 39
51 71 922 9 35
71 51 695 10 8
51 127 2178 27 24
127 51 2221 41 34
51 112 1446 44 29
112 51 1232 10 39
52 109 766 47 35
109 52 1016 49 13
56 69 4356 40 5
69 56 6075 12 18
56 89 2292 4 21
89 56 2620 43 18
56 57 1445 16 17
57 56 881 24 36
56 87 908 13 37
87 56 885 47 13
57 59 2361 12 33
59 57 2066 37 28
58 62 2209 16 29
62 58 2328 35 30
58 79 1058 47 18
79 58 532 30 21
58 112 807 14 16
112 58 539 13 39
59 72 309 16 24
72 59 161 16 23
59 83 78 43 13
83 59 70 50 5
59 98 778 7 7
98 59 645 1 18
59 138 655 11 10
138 59 717 40 37
59 192 404 2 9
192 59 376 31 29
60 67 332 23 15
67 60 283 39 23
60 75 2428 33 20
75 60 2520 15 36
60 85 235 33 33
85 60 133 49 39
60 169 429 24 5
169 60 457 23 10
62 101 1149 8 35
101 62 919 2 7
62 150 1017 28 29
150 62 1087 36 34
64 65 1278 3 36
65 64 1487 16 40
64 100 636 18 32
100 64 746 11 22
64 107 1949 25 18
107 64 2023 42 13
64 118 2495 8 23
118 64 2431 46 14
65 146 1732 7 18
146 65 1345 24 20
66 86 474 25 23
86 66 609 24 38
66 92 1133 7 28
92 66 1151 8 30
66 96 141 12 25
96 66 61 3 10
66 152 243 28 11
152 66 220 28 11
66 155 359 33 38
155 66 235 1 36
66 193 32 48 22
193 66 243 14 40
66 119 550 47 39
119 66 401 17 9
67 95 311 23 15
95 67 306 34 22
68 70 158 23 6
70 68 250 6 29
68 76 434 4 20
76 68 307 24 8
68 80 270 36 38
80 68 268 4 6
68 122 456 12 29
122 68 484 32 8
68 187 580 4 25
187 68 794 7 10
69 121 1373 46 8
121 69 1019 7 36
69 126 2326 47 19
126 69 4695 38 27
69 145 431 35 13
145 69 777 39 5
69 149 1 48 34
149 69 1901 18 32
69 158 1543 34 32
158 69 950 41 33
74 110 1030 13 10
110 74 982 5 16
74 163 406 36 40
163 74 300 45 36
75 78 435 35 19
78 75 435 9 22
75 84 406 11 18
84 75 453 44 5
75 90 122 41 31
90 75 55 42 7
75 91 452 9 34
91 75 399 35 30
75 97 145 48 22
97 75 193 42 8
75 114 459 12 19
114 75 443 8 31
75 115 417 1 37
115 75 400 39 15
75 124 378 38 28
124 75 15 5 27
77 119 244 40 16
119 77 431 8 9
77 170 780 42 24
170 77 611 1 16
79 103 3081 5 28
103 79 2661 33 12
79 112 687 46 18
112 79 837 32 31
83 88 78 49 13
88 83 77 38 14
86 195 328 6 35
195 86 290 23 39
89 108 638 33 20
108 89 539 38 38
89 131 2490 46 12
131 89 2397 12 34
92 93 1275 33 15
93 92 1368 10 33
92 102 329 42 26
102 92 279 39 16
92 123 243 37 31
123 92 239 20 10
92 130 502 39 6
130 92 465 12 16
92 136 529 36 38
136 92 453 34 36
92 168 265 44 40
168 92 189 45 26
92 170 531 43 11
170 92 950 20 10
92 195 1787 24 25
195 92 1676 6 24
93 140 855 40 11
140 93 1187 32 6
93 181 294 29 16
181 93 368 15 13
94 99 94 13 14
99 94 82 33 11
94 106 256 34 28
106 94 293 2 13
94 111 83 19 32
111 94 115 28 27
94 141 112 31 28
141 94 242 50 38
94 142 265 4 22
142 94 290 39 22
94 162 242 17 7
162 94 393 14 11
94 167 33 8 25
167 94 70 36 11
100 108 566 46 11
108 100 654 22 11
103 104 1675 12 27
104 103 1523 5 40
103 113 121 5 11
113 103 67 33 8
103 120 419 8 14
120 103 520 1 39
103 132 477 14 21
132 103 72 41 28
103 156 311 1 37
156 103 446 21 13
103 174 2 48 19
174 103 582 48 24
104 134 1619 50 11
134 104 1257 24 28
104 194 509 33 32
194 104 498 30 23
105 143 70 9 21
143 105 73 15 24
107 158 962 50 6
158 107 1615 25 18
107 160 979 10 24
160 107 890 7 14
112 128 1858 44 27
128 112 1766 33 36
115 116 280 35 10
116 115 432 25 38
115 183 44 13 21
183 115 40 15 24
118 133 1156 49 33
133 118 1255 45 23
118 144 419 10 31
144 118 464 12 27
119 195 272 37 16
195 119 492 21 15
120 132 65 16 37
132 120 536 35 7
121 125 1350 10 5
125 121 765 12 36
121 145 251 24 10
145 121 148 23 7
125 151 1093 25 33
151 125 612 33 39
126 154 2458 46 10
154 126 4333 7 13
127 137 551 38 16
137 127 684 32 39
127 139 895 18 32
139 127 817 17 6
127 180 669 43 9
180 127 630 12 34
128 159 226 21 10
159 128 257 25 25
128 165 44 50 25
165 128 100 30 28
128 176 61 29 13
176 128 3 16 25
128 179 225 36 29
179 128 147 31 25
128 185 93 15 27
185 128 63 43 28
128 198 1248 14 40
198 128 986 43 32
129 157 278 16 8
157 129 227 48 21
131 147 674 9 37
147 131 443 19 8
131 182 1250 36 32
182 131 1017 47 28
134 135 526 2 19
135 134 696 29 30
134 166 892 10 28
166 134 534 9 35
135 177 236 17 33
177 135 390 20 26
137 148 81 23 16
148 137 160 42 8
137 175 91 25 31
175 137 39 40 14
137 180 135 5 5
180 137 203 39 27
137 196 214 2 38
196 137 174 16 30
139 178 272 23 24
178 139 328 7 13
139 148 199 39 38
148 139 84 35 17
140 153 503 44 26
153 140 729 1 25
146 172 99 22 25
172 146 25 46 36
146 186 316 27 16
186 146 220 6 15
154 161 820 47 25
161 154 1432 23 16
154 164 220 3 12
164 154 592 15 7
154 191 850 14 17
191 154 1191 47 14
155 184 234 39 19
184 155 78 43 25
161 171 328 30 33
171 161 1055 6 6
164 190 197 39 38
190 164 391 30 7
166 188 294 4 22
188 166 126 7 30
166 177 317 21 20
177 166 77 31 9
169 173 370 37 27
173 169 381 28 29
172 186 1958 11 28
186 172 17 21 30
180 189 734 16 23
189 180 655 33 8
183 197 44 42 13
197 183 45 7 22
184 195 310 6 40
195 184 167 12 32
189 199 628 25 19
199 189 603 47 19
# noSlices
40
#Virtual Graph
# noVertices
13
# noArcs
12
# Vertices: id cpu
0 357
1 273
2 273
3 105
4 210
5 210
6 147
7 126
8 294
9 273
10 63
11 63
12 210
# Arcs: idS idT bandwidth delay
0 1 91 311
0 2 91 311
2 3 35 311
2 4 70 311
1 5 70 311
1 6 49 311
1 7 42 311
0 8 98 311
1 9 91 311
3 10 21 311
3 11 21 311
1 12 70 311
# Mapping
238
# Mapping pairs
3 195
3 189
3 188
3 182
3 180
3 179
3 175
3 170
3 168
3 165
3 156
3 152
3 150
3 148
3 147
3 137
3 120
3 113
3 102
3 87
3 74
2 198
3 130
2 195
2 194
3 134
2 193
3 135
2 189
3 123
2 188
2 184
2 180
2 175
2 182
2 174
2 168
3 96
2 166
2 165
2 156
3 92
3 193
2 155
3 93
2 150
2 137
2 135
2 128
2 127
2 120
2 110
2 93
2 66
2 196
3 132
1 198
1 195
2 132
3 184
1 193
2 130
1 189
3 177
1 188
2 123
3 174
1 185
3 62
1 182
1 194
3 71
3 196
1 181
1 180
2 134
3 66
1 184
2 119
1 176
1 196
2 131
1 175
2 181
1 179
1 163
1 156
2 96
1 159
2 92
1 155
2 87
1 152
3 136
3 139
1 148
3 181
1 147
1 139
2 74
1 137
1 135
1 134
1 131
1 128
2 178
1 127
1 113
2 86
1 102
2 179
1 178
2 113
1 101
2 152
3 178
1 96
1 92
3 86
2 71
1 136
1 103
1 86
2 159
1 87
12 165
1 120
12 176
11 148
1 93
11 175
11 178
11 189
11 196
11 127
10 86
11 137
2 62
11 139
1 132
10 152
10 96
1 74
1 77
1 110
10 184
10 195
2 185
3 127
3 163
10 193
2 77
9 62
12 128
1 104
2 148
2 170
3 110
10 155
9 101
6 77
6 170
1 166
6 119
2 101
5 102
5 123
5 136
2 199
3 103
1 199
7 163
2 136
12 185
5 130
5 181
1 174
1 119
11 199
9 150
4 132
11 180
4 113
3 176
4 120
12 198
3 185
1 170
10 66
2 139
3 77
4 135
3 198
5 168
3 159
4 174
7 74
4 166
4 156
7 110
12 179
2 104
4 177
3 128
3 155
4 188
8 71
8 87
1 130
4 103
2 176
2 177
3 104
3 119
3 166
1 62
2 163
3 101
3 131
3 194
1 177
1 123
4 194
1 150
5 93
12 159
1 165
4 104
2 102
1 168
5 92
0 131
1 66
2 103
1 71
2 147
4 134
3 199
# Substrate Size
200
# Slice Type
0
#Virtual Graph
# noVertices
5
# noArcs
4
# Vertices: id cpu
0 60
1 48
2 36
3 24
4 42
# Arcs: idS idT bandwidth delay
0 1 16 311
0 2 12 311
0 3 8 311
0 4 14 311
# Mapping
30
# Mapping pairs
4 137
4 175
4 127
4 178
4 189
4 196
3 77
3 170
2 156
2 132
4 139
2 104
2 120
2 135
2 166
4 199
2 177
3 119
4 180
2 194
2 134
1 131
4 148
2 113
1 182
2 174
1 147
2 103
2 188
0 107
# Substrate Size
200
# Slice Type
0
#Virtual Graph
# noVertices
26
# noArcs
25
# Vertices: id cpu
0 252
1 126
2 231
3 168
4 189
5 105
6 147
7 63
8 63
9 63
10 21
11 63
12 168
13 63
14 42
15 42
16 105
17 84
18 105
19 42
20 42
21 42
22 21
23 21
24 105
25 63
# Arcs: idS idT bandwidth delay
0 1 42 311
0 2 77 311
0 3 56 311
2 4 63 311
2 5 35 311
2 6 49 311
6 7 21 311
6 8 21 311
6 9 21 311
9 10 7 311
9 11 21 311
0 12 56 311
8 13 21 311
8 14 14 311
5 15 14 311
5 16 35 311
6 17 28 311
0 18 35 311
9 19 14 311
15 20 14 311
15 21 14 311
10 22 7 311
10 23 7 311
16 24 35 311
16 25 21 311
# Mapping
1660
# Mapping pairs
16 197
16 193
16 192
16 188
16 187
16 186
16 180
16 178
16 177
16 174
16 171
16 170
16 169
16 167
16 166
16 164
16 161
16 158
16 156
16 155
16 153
16 151
16 150
16 149
16 194
16 147
16 146
16 145
16 143
16 142
16 141
16 139
16 138
16 137
16 135
16 133
16 122
16 111
16 96
16 71
16 65
16 63
16 30
16 27
15 199
15 197
16 134
15 196
16 131
15 195
16 132
16 173
15 191
15 188
15 187
16 124
15 186
16 121
15 184
16 119
15 182
16 117
15 180
16 115
15 178
16 113
15 177
16 114
15 175
16 112
15 172
16 107
15 170
16 105
15 169
16 106
15 166
16 101
15 164
16 99
15 162
16 97
15 161
16 98
15 157
16 94
15 156
16 91
15 155
15 154
16 89
15 153
16 90
15 151
16 88
15 149
15 190
16 86
16 125
15 147
16 84
15 145
16 82
15 144
16 79
15 143
16 80
15 142
16 77
15 141
15 194
16 78
16 129
15 140
15 189
16 75
16 126
15 139
16 76
15 134
16 69
15 133
16 70
16 103
15 132
16 67
15 131
16 68
15 129
16 66
15 127
16 64
15 126
16 61
15 125
16 62
15 124
16 59
15 122
16 57
15 121
16 58
15 120
16 55
15 119
16 56
15 118
16 53
15 116
16 51
15 114
16 49
15 113
16 50
15 112
16 47
15 110
16 45
15 109
16 46
15 108
16 43
15 107
16 44
15 106
16 41
15 103
16 40
15 101
16 38
15 100
16 35
15 97
16 34
15 95
15 117
16 32
16 54
15 94
16 29
15 91
16 28
15 90
16 25
15 89
16 26
16 154
15 84
16 19
15 82
16 17
15 80
16 15
16 195
15 79
16 16
15 76
16 11
15 75
16 12
15 74
16 9
15 73
16 10
15 72
16 7
15 69
16 6
15 68
16 3
15 67
15 174
16 4
16 109
15 66
16 1
15 65
16 2
15 63
16 0
15 61
15 60
15 59
15 58
15 57
15 163
16 100
15 54
15 52
15 51
15 50
15 49
15 47
15 46
15 45
15 171
16 108
15 43
15 42
15 41
15 40
15 38
15 37
15 36
15 34
15 173
16 110
15 33
15 31
15 29
15 28
15 27
15 23
15 21
15 20
15 18
15 17
15 16
15 12
15 11
15 6
15 5
15 3
15 98
16 33
15 2
15 1
15 0
10 199
10 197
16 190
10 196
10 195
10 193
10 192
10 190
10 189
10 188
10 186
15 14
10 184
10 180
10 178
10 177
10 174
10 172
10 171
10 170
10 169
10 166
10 162
10 161
10 160
10 154
10 153
10 151
10 150
10 149
16 160
10 148
10 146
10 143
10 142
15 146
16 81
10 141
16 199
10 140
10 135
10 133
10 118
10 111
10 103
10 71
9 197
10 134
16 189
9 195
10 132
9 194
10 129
15 64
9 193
9 192
10 127
9 190
10 125
9 189
10 126
16 163
9 188
9 184
10 119
9 183
10 120
9 182
10 117
9 177
10 114
9 175
10 112
9 174
10 109
9 172
10 107
9 171
10 108
9 170
10 105
9 169
10 106
15 104
16 39
9 167
10 104
9 166
9 180
10 101
10 115
9 164
10 99
9 162
10 97
9 161
10 98
9 160
10 95
15 55
16 157
9 158
9 157
10 94
10 156
9 156
10 91
16 183
9 155
9 154
10 89
9 152
10 87
9 151
10 88
9 150
10 85
9 149
10 86
9 148
10 83
9 147
10 84
9 146
10 81
9 145
10 82
9 143
10 80
9 141
10 78
15 88
16 23
9 140
10 75
9 139
10 76
9 137
10 74
9 131
10 68
9 116
10 51
9 113
10 50
9 105
10 42
9 100
10 35
9 35
9 29
9 28
8 196
9 133
10 70
16 140
8 195
9 134
10 69
8 194
9 127
10 64
10 182
8 193
10 63
16 116
8 191
10 65
8 188
9 125
10 62
8 182
9 115
10 52
8 173
9 108
10 43
9 103
8 170
10 40
9 106
8 167
10 41
9 99
8 166
10 36
9 95
8 162
10 32
9 97
8 160
10 34
9 91
8 158
10 28
9 94
8 155
10 29
8 163
10 37
9 87
8 154
9 199
10 24
9 89
8 152
10 26
9 55
8 122
9 51
8 118
9 42
8 103
8 187
9 126
10 61
9 31
8 98
9 33
8 96
9 24
8 89
9 25
8 88
9 191
9 26
8 87
9 15
8 82
9 17
8 80
9 11
8 78
9 12
8 77
9 8
8 73
15 25
9 10
8 71
8 199
9 138
10 73
8 66
8 61
8 59
8 58
8 57
8 56
8 48
8 47
8 45
8 43
8 178
8 38
9 111
10 48
8 54
8 37
9 71
8 138
8 33
10 8
8 31
8 28
9 120
10 55
9 41
8 104
6 199
9 39
8 106
6 197
9 40
8 105
6 196
9 187
10 124
9 43
8 110
6 193
8 32
9 50
8 111
6 190
9 48
8 113
6 188
9 53
8 116
6 187
9 58
8 119
6 182
9 56
8 121
6 180
9 65
6 175
10 2
9 66
8 127
6 174
10 1
9 78
8 139
6 162
10 13
9 75
8 142
6 161
10 12
9 76
9 37
8 197
8 141
8 100
6 160
9 132
10 11
10 67
9 82
8 143
6 158
10 17
9 85
9 18
8 148
8 79
6 155
10 22
9 86
8 147
6 154
10 21
9 84
8 149
6 152
9 153
10 19
10 90
8 44
8 183
6 150
9 122
10 57
10 144
6 147
8 23
6 140
15 158
6 138
15 150
16 85
9 63
6 173
10 0
6 120
6 116
6 114
6 113
8 52
6 105
6 100
6 94
9 46
8 107
6 194
6 58
9 83
8 150
6 153
10 20
15 86
16 21
8 8
6 39
8 18
6 29
8 17
6 28
9 104
8 169
10 39
6 134
5 199
9 20
8 85
6 132
5 197
8 51
6 133
5 196
6 129
5 192
6 126
5 191
15 167
16 104
6 124
5 193
5 189
8 157
6 125
5 188
10 27
5 186
6 121
5 184
6 118
5 183
6 117
5 180
8 30
6 111
5 174
6 108
5 173
15 81
16 18
6 106
5 171
6 104
5 169
15 30
5 167
6 103
5 166
6 101
5 164
15 53
15 193
6 98
5 163
8 184
6 96
5 161
9 121
10 58
6 97
5 160
15 32
15 183
16 120
6 95
5 158
15 39
9 61
8 124
5 157
5 156
6 91
5 154
6 87
5 150
6 84
5 149
6 83
5 146
16 148
6 77
5 140
9 90
8 151
10 25
15 13
8 46
6 75
5 138
6 68
5 133
6 69
5 132
6 79
5 142
6 62
5 127
6 63
5 126
15 78
16 13
6 60
5 125
8 41
6 74
5 139
6 56
5 121
6 57
5 120
5 195
6 50
5 115
6 142
6 48
5 113
8 3
6 42
5 107
6 151
8 4
6 43
5 106
8 7
6 38
5 103
8 10
6 37
5 100
8 13
6 54
6 32
5 97
5 119
15 160
16 95
8 15
6 30
5 95
8 16
6 31
5 94
8 20
6 27
5 90
16 144
6 66
5 131
15 48
9 54
8 115
6 186
6 20
5 85
6 18
5 83
8 11
6 34
5 99
10 152
6 16
5 81
6 14
5 79
6 15
5 78
6 12
5 77
6 10
5 75
6 11
5 74
8 190
10 60
6 8
5 73
6 67
15 115
16 52
6 9
5 72
6 7
5 70
6 4
5 69
8 34
6 55
5 118
16 60
6 5
5 68
6 2
5 67
5 63
5 62
16 152
9 60
8 125
5 56
5 54
5 53
5 52
5 46
5 45
5 43
9 80
8 145
6 156
5 39
10 15
5 38
5 37
5 33
6 22
5 87
5 32
5 57
5 30
5 26
15 15
9 74
8 135
6 166
5 24
10 9
5 22
5 20
8 62
5 12
6 99
5 162
5 11
5 9
9 88
9 45
8 153
8 108
8 12
6 195
6 35
5 98
10 23
10 173
5 8
9 144
10 79
6 51
5 2
5 114
5 25
9 118
10 53
9 27
8 94
5 0
2 199
5 3
2 195
5 7
6 21
5 84
2 193
5 5
2 192
2 189
2 188
2 186
9 178
10 113
15 83
16 20
2 184
10 158
15 105
16 42
2 182
9 73
6 167
6 88
5 153
10 10
15 70
16 5
2 180
5 36
2 177
8 14
6 33
5 96
2 175
2 174
15 8
2 166
2 164
8 156
6 137
2 163
10 30
6 73
2 161
2 157
15 9
6 143
2 156
6 81
5 144
9 3
8 70
2 155
15 7
2 154
2 167
9 101
8 164
6 72
5 137
10 38
9 13
8 76
2 153
9 14
8 75
5 48
2 152
8 172
9 109
10 46
5 18
2 151
8 174
2 145
9 107
10 44
6 0
5 65
2 144
2 143
2 142
6 109
6 86
5 172
5 151
2 140
2 178
9 186
10 121
8 6
6 41
5 104
2 137
2 135
5 21
2 133
2 132
5 58
2 138
9 21
8 84
2 131
5 13
9 72
8 137
6 164
2 127
10 7
8 42
8 25
6 145
2 124
2 122
2 121
2 119
8 29
2 118
2 115
2 110
2 108
2 107
8 35
2 106
5 41
8 192
2 105
9 129
10 66
2 190
2 104
2 100
6 141
2 99
9 173
10 110
2 98
2 97
2 109
2 96
2 95
2 90
9 16
8 81
2 89
9 69
8 132
6 171
10 6
2 85
2 83
5 55
2 82
2 81
2 78
5 47
2 76
6 112
5 177
2 73
15 85
16 22
16 184
2 72
6 70
5 135
2 196
5 6
6 49
5 112
16 162
2 66
2 63
2 62
2 55
9 77
8 171
8 140
6 163
2 68
2 48
9 110
10 14
10 45
15 135
16 72
6 13
5 76
2 44
9 34
8 95
2 42
10 116
8 180
9 117
10 54
2 60
2 114
6 82
6 64
5 129
5 147
2 41
2 86
2 37
2 64
2 35
15 96
16 31
9 52
8 117
6 184
2 30
9 2
8 63
6 23
5 86
2 29
2 28
2 24
2 158
10 139
2 22
2 21
2 18
10 137
2 129
2 16
6 107
5 170
2 113
2 15
2 13
2 11
6 122
6 90
5 187
5 155
2 10
16 175
5 59
9 163
10 100
9 49
8 112
6 191
6 146
2 7
6 85
2 6
5 148
5 51
2 32
15 148
16 83
2 126
2 4
2 3
2 65
2 191
15 44
25 1
6 6
5 71
25 3
16 172
6 59
25 49
5 122
9 22
8 83
25 41
5 10
2 87
2 94
25 20
25 33
9 23
8 90
25 9
9 68
8 133
8 60
8 19
6 26
5 91
10 3
25 10
8 186
6 149
9 119
10 56
25 12
25 13
25 53
16 118
9 79
9 19
8 146
8 86
6 157
10 16
25 25
2 171
25 37
6 89
5 152
8 27
2 27
25 143
2 146
2 71
2 40
15 77
16 14
24 55
5 50
25 27
24 94
24 29
15 22
6 110
5 175
24 18
9 142
10 77
24 99
24 22
24 39
10 191
25 6
15 4
2 125
10 155
24 24
24 34
2 31
8 49
24 129
2 5
6 76
5 141
15 138
16 73
24 28
5 17
5 28
24 36
2 19
24 40
2 33
24 48
6 53
5 116
6 127
5 190
24 50
24 54
2 50
25 52
24 117
24 157
2 51
5 23
24 167
23 47
5 29
25 14
24 16
23 79
5 19
8 1
6 44
25 8
24 73
5 109
10 167
5 15
15 62
23 64
24 142
6 115
5 178
23 57
2 34
2 14
2 9
23 65
8 21
6 24
5 89
2 187
25 19
23 149
9 67
8 134
6 169
23 108
10 4
23 146
24 81
2 139
8 0
6 47
2 58
5 110
8 189
25 15
24 82
9 124
10 59
22 95
24 26
22 173
23 89
16 191
2 80
6 3
5 66
2 52
24 30
22 169
22 85
10 138
2 120
25 21
2 101
8 177
9 112
10 47
6 119
5 182
22 114
25 17
22 183
2 75
21 83
9 38
8 99
24 111
6 61
5 124
22 124
16 182
9 70
9 7
8 131
8 74
6 170
6 46
5 111
10 5
8 53
21 98
21 192
23 69
2 111
9 135
10 72
20 148
2 74
20 137
15 152
16 87
25 42
20 189
24 141
2 49
2 57
2 183
10 147
20 180
25 23
5 31
6 148
20 196
2 117
2 69
20 199
23 126
24 61
2 20
20 175
10 194
19 76
2 91
25 5
16 37
24 31
2 88
2 47
2 23
18 86
9 196
10 131
9 1
8 64
25 2
24 63
2 8
25 4
2 147
15 56
6 144
18 152
2 103
2 1
20 127
18 184
25 7
15 137
16 74
19 70
2 84
9 0
8 65
20 139
21 72
18 195
5 49
18 193
24 38
17 62
15 26
15 192
16 127
9 57
8 120
6 183
17 101
25 109
14 71
15 19
22 116
14 87
15 35
8 175
5 40
9 114
10 49
24 106
13 74
2 149
12 170
2 38
8 36
2 56
11 151
8 40
7 103
10 164
8 5
6 40
18 66
5 105
16 196
22 67
5 35
22 84
9 30
8 91
7 156
2 172
8 39
2 54
7 104
6 135
9 81
8 144
8 9
6 65
6 36
5 16
5 101
10 18
10 157
20 178
8 55
7 120
2 169
11 121
10 187
9 4
8 69
2 26
7 134
19 68
9 9
8 72
25 11
7 135
6 71
5 134
2 116
23 58
23 158
9 36
8 101
7 166
9 98
10 33
15 111
16 48
17 150
9 6
8 67
7 132
2 39
5 61
2 148
22 115
15 71
16 8
24 45
2 170
2 77
9 62
6 178
6 131
5 194
7 188
2 25
19 122
9 64
8 129
6 172
7 194
2 134
15 87
16 24
6 52
4 182
5 117
8 2
6 45
5 108
11 145
23 56
24 162
5 60
10 122
10 163
8 26
6 1
4 131
5 64
2 197
5 1
22 91
23 43
2 12
24 32
9 32
8 97
3 140
5 14
2 150
3 153
5 27
2 45
22 197
9 47
8 114
6 189
7 177
24 44
10 96
9 59
8 126
6 177
3 160
5 34
2 67
24 35
18 96
23 100
15 10
12 77
6 78
6 19
5 82
5 143
19 187
2 46
22 78
11 125
10 183
21 59
5 42
2 36
12 119
25 0
10 145
2 17
23 51
5 44
2 70
1 133
8 22
6 25
5 88
22 90
2 141
15 99
16 36
22 97
2 2
2 53
1 118
18 155
2 59
8 50
7 113
9 96
8 161
2 112
10 31
25 105
9 44
8 109
6 192
7 174
2 160
22 60
6 139
1 144
2 79
6 17
4 147
5 80
25 46
23 172
2 194
5 4
2 0
9 5
8 68
21 138
22 75
13 163
15 24
8 24
21 88
23 186
2 162
3 107
2 173
23 112
2 61
0 191
13 110
2 43
6 80
5 145
19 80
10 175
# Substrate Size
200
# Slice Type
0
#Virtual Graph
# noVertices
25
# noArcs
24
# Vertices: id cpu
0 432
1 189
2 297
3 351
4 135
5 189
6 243
7 432
8 324
9 243
10 135
11 243
12 324
13 351
14 351
15 216
16 324
17 297
18 216
19 297
20 216
21 216
22 270
23 108
24 243
# Arcs: idS idT bandwidth delay
0 1 63 311
0 2 99 311
0 3 117 311
1 4 45 311
1 5 63 311
0 6 81 311
0 7 144 311
7 8 108 311
7 9 81 311
1 10 45 311
0 11 81 311
0 12 108 311
7 13 117 311
13 14 117 311
13 15 72 311
12 16 108 311
12 17 99 311
12 18 72 311
13 19 99 311
9 20 72 311
9 21 72 311
12 22 90 311
17 23 36 311
17 24 81 311
# Mapping
1304
# Mapping pairs
17 197
17 196
17 193
17 189
17 187
17 185
17 184
17 179
17 178
17 176
17 173
17 171
17 169
17 168
17 167
17 165
17 164
17 160
17 157
17 155
17 151
17 150
17 148
17 144
17 142
17 141
17 140
17 139
17 138
17 137
17 136
17 133
17 130
17 143
17 126
17 125
17 123
17 121
17 116
17 115
17 114
17 111
17 108
17 107
17 106
17 105
17 102
17 100
17 97
17 95
17 92
17 90
17 89
17 88
17 131
17 87
17 85
17 84
17 83
17 82
17 79
17 76
17 75
17 74
17 72
17 71
17 70
17 69
17 66
17 61
17 60
17 58
17 57
17 56
17 52
17 51
17 50
17 46
17 45
17 42
17 40
17 37
17 36
17 35
17 31
17 29
17 28
17 27
17 26
17 24
17 23
17 64
17 21
17 19
17 17
17 16
17 15
17 68
17 11
17 181
17 8
17 6
17 4
17 3
17 146
17 2
17 0
17 154
13 199
13 197
13 195
13 193
13 192
17 33
13 191
13 190
13 189
13 186
13 184
13 183
13 182
17 48
13 181
13 180
13 179
13 176
13 175
13 173
13 172
17 41
13 170
13 168
13 167
13 165
13 162
13 161
17 62
13 159
13 158
13 154
13 153
17 47
13 152
13 151
13 149
13 148
13 147
13 144
13 143
13 142
13 139
13 138
13 133
13 123
13 110
13 105
13 91
13 72
13 55
12 197
13 130
12 190
13 129
12 189
13 122
12 185
13 118
12 183
12 182
13 121
12 181
13 114
12 180
13 115
12 176
13 111
12 170
13 109
12 165
13 98
12 162
13 101
12 160
13 95
17 198
12 159
13 96
13 92
12 155
13 86
12 153
13 88
12 151
17 14
13 84
12 147
13 78
12 145
13 70
12 137
13 71
12 136
13 66
12 133
13 68
12 131
13 62
12 129
13 64
12 127
13 65
12 126
13 58
12 125
13 59
12 124
13 60
12 123
13 61
12 122
17 43
13 57
12 118
13 51
12 116
13 42
12 109
13 43
12 108
13 41
12 102
13 34
12 101
17 161
13 35
12 100
13 32
12 95
13 27
12 92
13 29
12 90
17 39
13 18
12 85
13 10
12 77
13 20
12 83
13 12
12 75
13 150
13 9
12 70
13 8
12 71
13 163
13 2
12 69
13 5
12 66
12 65
13 15
12 80
13 0
12 199
12 63
13 136
13 1
12 62
17 127
12 59
13 141
12 58
12 57
12 56
12 60
12 55
12 54
12 53
12 52
12 51
12 50
12 49
12 46
12 43
12 41
12 40
12 39
13 30
12 97
12 37
12 34
12 33
12 31
12 30
12 27
12 184
13 119
12 26
12 23
12 18
12 17
12 15
12 14
17 93
12 173
12 12
13 106
12 9
13 24
12 87
9 197
17 128
12 1
9 195
12 3
9 193
9 190
9 189
17 98
13 46
9 184
13 80
12 143
9 182
9 178
13 198
13 16
12 79
9 176
12 196
13 131
9 172
9 171
9 170
12 4
9 192
9 169
9 180
9 163
9 162
9 161
9 160
17 96
9 159
9 158
13 26
12 93
12 25
9 157
9 155
9 154
9 151
9 150
9 149
9 148
9 147
9 146
9 139
9 136
9 133
17 73
9 131
9 130
9 128
17 49
12 47
9 127
9 125
9 124
9 123
12 21
9 122
9 119
9 116
9 115
9 114
9 109
13 17
12 78
9 108
9 107
9 106
9 105
9 100
9 98
9 97
13 23
12 88
9 95
12 64
9 102
9 94
9 93
17 195
9 92
9 89
12 13
9 199
9 87
9 86
9 82
12 161
13 94
9 80
9 78
9 74
13 63
12 128
9 141
13 28
12 91
9 62
9 47
9 36
12 178
9 30
13 117
9 6
9 67
7 197
9 66
7 192
9 56
7 186
9 57
7 183
17 101
9 51
7 181
9 54
7 180
9 53
7 179
9 48
7 178
9 50
7 176
12 163
13 100
9 187
9 40
7 170
13 69
12 130
9 152
13 22
12 89
9 39
7 169
9 126
9 42
7 168
12 2
13 187
9 41
7 167
9 35
7 165
9 76
9 37
7 163
9 31
7 161
9 33
7 159
9 28
7 158
9 27
7 157
13 79
13 45
12 144
12 106
12 20
9 29
7 155
9 24
7 154
9 23
7 153
9 26
7 152
12 5
9 191
9 25
7 151
9 79
9 19
7 149
9 14
7 140
9 5
7 131
7 126
7 125
7 122
13 50
12 117
7 121
7 119
7 112
9 175
7 110
7 102
7 117
9 111
7 101
9 71
7 98
7 96
7 93
7 91
7 87
7 86
7 83
17 77
7 81
17 94
9 43
7 173
7 95
7 80
7 79
12 29
7 76
7 73
7 72
7 70
17 129
7 68
12 44
7 66
7 65
7 116
7 62
13 47
13 40
12 112
7 60
7 56
7 78
17 30
7 55
7 97
9 46
7 172
7 52
7 51
7 44
13 171
7 43
7 41
7 37
9 90
13 140
7 35
7 109
13 37
12 98
7 34
17 12
9 3
7 133
13 146
7 29
7 27
17 81
7 26
7 23
9 73
7 199
7 22
7 15
13 178
12 167
9 121
7 14
7 13
13 155
17 53
7 10
7 7
7 6
13 157
7 5
7 115
7 2
17 190
1 199
9 64
1 197
13 85
12 146
9 72
1 192
7 105
9 145
17 152
1 186
1 185
1 184
1 182
13 36
12 99
1 180
1 173
1 172
1 171
9 129
1 170
1 169
7 100
12 187
13 124
12 179
1 167
13 116
1 165
13 83
12 186
12 148
1 163
13 125
7 19
17 109
13 33
12 94
1 162
1 159
9 11
7 141
1 158
9 16
7 146
1 154
1 153
9 69
7 195
1 150
1 148
1 144
1 143
1 142
1 141
1 139
1 136
9 181
1 133
1 130
1 129
17 186
7 61
17 99
7 40
1 128
1 127
1 126
13 13
12 74
1 125
9 117
1 123
13 25
12 86
1 119
7 99
1 124
1 118
1 117
1 116
1 115
9 110
9 77
1 111
1 131
17 5
1 110
1 109
1 108
1 107
7 28
7 46
1 106
9 179
9 34
7 160
1 105
13 56
12 119
1 99
12 191
13 128
1 98
1 97
1 95
17 18
9 2
7 128
13 93
12 154
1 94
13 49
12 110
1 93
9 52
7 182
13 87
12 152
1 92
7 92
7 21
1 90
9 4
1 89
1 151
12 0
9 196
1 88
1 112
17 149
13 21
12 82
1 87
12 8
1 86
1 85
1 84
1 82
12 10
1 81
1 178
7 3
1 80
1 78
1 76
1 73
7 20
17 110
1 189
1 67
1 65
1 61
17 44
13 11
12 76
1 60
17 158
1 53
17 91
1 121
7 63
1 52
1 51
1 145
1 48
1 101
1 46
1 42
1 140
1 40
7 57
12 36
9 112
1 56
1 39
9 49
7 175
1 72
12 198
1 38
13 137
1 44
1 37
1 41
13 89
12 150
1 31
7 124
9 183
1 69
7 25
1 32
12 42
9 164
1 30
9 85
9 18
1 29
7 144
1 146
1 26
9 22
1 23
7 148
1 152
1 157
1 63
1 22
1 20
1 114
9 198
1 18
1 17
9 63
7 193
1 16
1 15
13 52
12 115
1 14
1 68
1 43
12 38
9 88
9 45
7 171
7 75
9 144
1 7
1 5
1 4
1 0
1 58
24 0
7 31
7 48
24 5
24 23
13 73
24 4
24 49
1 195
1 54
24 15
24 41
24 7
13 3
12 68
24 3
24 8
1 155
17 34
7 67
24 14
12 11
24 10
1 183
13 74
12 141
24 46
1 57
24 17
12 7
1 27
17 20
17 180
24 53
7 85
17 145
13 75
12 140
24 19
24 25
17 175
9 8
7 138
13 160
13 19
12 84
13 7
12 72
24 105
9 168
7 59
12 158
9 118
13 97
1 35
9 0
24 37
7 130
24 109
23 159
1 13
23 165
22 16
9 70
9 7
7 196
7 64
7 137
22 35
7 118
22 94
22 29
9 9
7 39
22 38
1 179
22 99
22 34
1 24
22 22
13 76
12 139
24 1
22 32
1 138
17 117
17 183
9 10
22 39
7 136
9 140
22 31
17 191
13 48
12 111
24 6
22 129
22 26
24 21
1 176
1 55
1 28
12 24
1 190
22 50
9 142
22 117
7 0
12 169
7 88
13 102
17 32
1 10
17 10
17 63
22 81
13 169
22 141
24 42
22 157
21 56
1 59
17 80
21 79
1 147
21 51
7 12
9 65
7 191
21 64
13 81
12 168
12 142
1 3
21 57
7 32
13 77
12 138
21 58
23 198
9 153
9 84
21 65
7 107
1 161
9 99
1 21
17 124
22 24
21 89
13 67
21 158
7 11
9 165
24 11
12 171
21 112
13 108
1 160
7 49
24 9
17 119
24 143
21 172
21 149
21 126
22 63
20 60
20 95
7 82
9 17
20 169
7 143
20 85
20 197
1 8
1 49
12 35
20 91
1 25
20 115
19 72
17 199
21 146
1 191
17 78
9 38
7 164
23 176
19 192
12 172
7 111
13 107
22 18
24 52
7 47
22 36
18 127
17 192
18 139
18 175
7 33
21 43
12 19
20 67
9 143
18 196
17 172
12 28
18 178
1 19
16 70
17 7
17 38
16 76
22 30
17 9
17 147
9 20
7 150
18 199
22 28
24 20
1 187
7 90
16 122
17 59
9 75
20 114
16 187
17 122
9 15
7 145
20 97
1 149
15 66
13 185
1 102
13 54
12 121
16 80
17 13
15 96
1 100
19 88
22 44
1 168
1 66
9 1
23 128
7 127
1 71
13 38
12 105
20 124
1 34
21 69
23 179
17 55
15 155
17 25
13 4
12 67
21 108
22 45
1 83
15 184
17 54
18 148
18 180
24 12
15 195
21 186
17 65
17 112
9 138
24 33
17 170
1 36
7 129
17 153
12 6
11 71
12 22
9 81
11 87
7 45
7 74
22 55
22 48
9 58
7 184
8 119
12 16
1 122
22 54
8 170
9 61
7 187
6 92
7 18
6 93
7 17
22 82
9 101
7 38
9 13
7 139
1 50
6 102
7 8
1 2
15 152
17 22
1 137
13 6
12 73
21 47
17 86
9 173
1 47
10 110
1 164
9 167
24 27
6 123
9 96
1 175
12 192
14 62
13 127
17 118
13 53
12 114
9 44
20 116
9 21
7 147
1 196
13 39
1 1
9 91
6 136
22 73
9 68
7 198
6 168
7 84
7 123
12 45
7 36
7 106
5 121
7 54
7 4
1 6
7 114
17 162
13 31
12 96
1 70
19 98
22 106
1 96
21 100
1 64
4 182
7 58
12 195
12 175
1 62
13 112
13 44
12 107
4 131
22 40
7 89
24 13
22 142
12 32
9 185
10 163
20 183
9 137
10 74
7 69
9 186
5 151
7 1
7 24
9 60
7 190
22 111
19 59
17 182
20 173
1 193
20 78
9 32
7 162
3 140
1 45
17 163
7 16
12 48
22 167
1 75
7 42
12 193
20 84
13 126
3 153
19 138
20 75
24 2
1 74
1 77
14 150
9 55
7 185
23 185
6 181
1 9
12 61
22 61
19 83
1 11
9 59
7 189
3 160
22 162
13 145
17 159
1 12
2 118
1 181
7 94
16 68
17 1
1 79
9 12
1 33
8 77
7 142
2 133
1 198
15 193
7 9
13 196
17 67
4 147
13 14
12 81
9 83
15 86
7 71
20 90
2 144
0 154
1 91
5 125
7 50
13 82
12 149
3 107
7 77
18 189
14 101
13 164
6 130
7 53
13 90
12 157
7 108
12 164
18 137
13 99
5 145
7 30
# Substrate Size
200
# Slice Type
0
#Virtual Graph
# noVertices
20
# noArcs
19
# Vertices: id cpu
0 108
1 102
2 84
3 36
4 48
5 36
6 78
7 18
8 36
9 66
10 66
11 66
12 66
13 54
14 54
15 48
16 24
17 36
18 66
19 54
# Arcs: idS idT bandwidth delay
0 1 34 311
0 2 28 311
2 3 12 311
2 4 16 311
1 5 12 311
1 6 26 311
5 7 6 311
5 8 12 311
1 9 22 311
9 10 22 311
9 11 22 311
11 12 22 311
11 13 18 311
12 14 18 311
12 15 16 311
12 16 8 311
11 17 12 311
1 18 22 311
9 19 18 311
# Mapping
1076
# Mapping pairs
12 197
12 196
12 193
12 189
12 188
12 187
12 184
12 183
12 182
12 180
12 177
12 170
12 169
12 167
12 166
12 160
12 157
12 156
12 155
12 152
12 151
12 150
12 148
12 145
12 142
12 141
12 140
12 139
12 138
12 137
12 135
12 127
12 120
12 116
12 105
12 101
12 95
12 73
12 39
12 28
11 199
12 134
11 197
12 132
11 192
12 129
11 189
12 124
11 188
12 125
12 122
11 187
12 121
11 184
12 118
11 183
11 173
12 97
12 37
11 160
11 157
12 90
11 155
12 85
11 148
12 80
11 145
12 63
12 199
12 78
11 143
12 77
11 140
12 83
12 75
11 138
12 84
12 72
11 137
12 70
11 135
11 134
12 68
11 133
11 132
12 61
11 124
11 121
11 120
12 60
11 125
12 55
11 118
12 52
11 117
12 50
11 115
11 114
12 46
11 111
11 106
12 40
11 105
12 41
11 104
12 34
11 99
12 35
11 98
12 33
11 96
12 30
11 95
12 26
11 91
12 27
11 90
12 18
11 83
12 19
11 82
12 17
11 80
12 12
11 77
12 173
11 55
11 142
11 53
11 41
11 40
11 36
11 34
11 30
11 27
11 23
11 19
11 14
11 13
11 5
11 3
12 13
11 76
9 199
12 3
11 66
9 193
11 54
9 189
9 188
12 113
11 61
9 184
9 182
12 143
9 178
11 50
9 177
11 52
9 175
12 109
11 39
9 174
9 170
12 4
9 192
11 42
9 169
11 44
9 167
11 35
9 162
12 25
11 88
11 22
9 157
11 156
11 25
9 156
12 192
11 24
9 155
11 28
9 151
11 15
9 150
11 17
9 148
11 9
9 140
11 8
9 139
9 134
12 162
9 133
11 0
9 131
11 4
9 127
9 124
12 21
11 84
9 122
9 121
9 120
9 119
9 116
9 115
9 113
9 111
9 106
9 105
9 97
12 88
11 153
9 95
11 129
9 94
9 86
11 26
9 153
9 84
12 81
11 144
9 83
9 82
12 174
9 78
9 75
9 67
9 60
9 55
9 53
9 50
12 114
9 44
9 42
9 187
9 40
11 195
11 29
9 152
11 152
9 39
9 38
11 1
9 132
9 76
9 37
9 36
9 35
9 33
9 31
9 30
12 178
12 106
12 20
11 85
12 144
9 29
9 28
9 26
9 24
9 23
9 19
9 17
9 16
9 11
9 10
9 8
9 6
9 5
9 0
5 196
12 91
9 62
5 194
11 193
11 6
9 141
5 192
5 193
5 189
5 188
5 184
5 183
12 36
11 101
5 182
12 1
9 195
5 180
5 178
11 7
9 142
5 175
5 174
5 173
5 167
9 61
5 157
5 156
9 73
5 153
5 152
5 145
5 144
12 98
5 141
5 140
9 90
5 138
9 101
5 137
9 13
9 9
5 134
5 133
5 132
5 131
5 147
5 129
5 142
5 127
5 125
5 124
5 122
12 45
5 139
5 121
5 195
5 120
12 103
11 177
11 166
5 115
5 113
9 70
9 7
5 111
12 44
11 109
5 109
5 107
5 105
11 10
9 137
5 104
5 103
12 29
5 99
12 38
11 103
9 88
9 45
5 98
5 119
5 97
5 95
5 94
9 68
5 91
5 90
9 2
5 86
9 54
5 85
5 83
5 143
5 82
5 81
5 78
5 77
5 73
5 72
5 70
5 118
5 68
12 53
11 116
5 67
5 66
5 63
12 32
11 97
5 60
5 55
5 54
5 52
5 50
5 49
5 46
5 45
9 114
5 40
5 38
5 37
5 35
5 33
5 32
5 30
5 26
5 22
5 17
5 28
12 22
9 81
5 101
5 16
5 15
5 162
5 11
5 9
9 27
5 0
12 9
11 72
2 199
5 3
2 195
5 7
5 84
2 193
5 5
2 189
2 188
2 187
12 23
11 86
2 184
2 182
2 180
11 194
12 131
5 36
2 177
5 96
2 175
2 170
2 169
2 167
2 162
12 66
11 131
2 160
2 157
2 156
9 3
2 155
9 14
5 48
2 152
9 109
5 18
12 49
2 151
9 107
2 145
2 144
2 142
11 59
2 140
2 178
5 151
2 133
12 24
2 125
2 122
2 118
2 116
2 107
11 38
9 173
2 99
2 98
2 63
2 61
2 45
2 86
2 37
2 35
11 175
2 30
9 52
2 27
9 4
2 26
9 1
2 8
2 2
1 197
2 134
1 195
2 132
2 138
9 72
1 192
2 127
12 99
11 162
1 180
2 115
9 117
1 177
2 60
2 114
9 96
1 175
1 173
5 41
11 2
9 129
1 170
2 105
1 169
2 106
1 167
2 104
12 94
1 162
1 174
2 97
2 109
1 160
2 95
5 106
1 155
1 150
2 85
1 148
2 83
1 147
2 84
1 145
2 82
1 144
1 142
2 77
1 141
2 78
1 139
2 76
1 137
1 135
2 72
1 134
5 44
11 46
1 133
2 70
1 127
12 86
11 151
1 119
1 124
2 59
1 118
2 53
1 113
2 50
1 109
2 46
1 106
2 41
11 48
9 34
1 105
2 42
1 103
2 40
5 42
12 119
11 182
1 99
2 36
1 98
2 33
1 94
2 29
1 90
2 25
1 151
2 88
12 0
9 196
1 88
2 23
1 86
2 21
1 85
2 22
1 82
2 17
12 10
11 75
1 81
2 18
1 78
2 13
1 76
2 11
1 61
1 59
1 52
1 121
1 50
2 153
1 101
2 38
1 48
1 42
1 140
2 75
5 116
1 40
1 166
2 101
1 39
1 44
1 37
1 41
9 118
5 25
1 35
11 45
5 114
5 2
1 34
1 32
2 166
11 60
9 183
5 148
2 6
1 31
1 120
2 55
9 85
9 18
1 29
12 7
11 70
1 27
2 81
1 26
1 115
2 52
1 25
1 24
9 22
1 23
5 10
1 152
1 157
2 94
1 63
2 0
1 22
1 19
11 63
1 18
1 17
1 15
5 29
1 68
2 3
12 115
11 178
1 14
1 13
1 9
1 96
2 31
12 96
1 70
2 5
1 6
1 5
1 4
1 3
5 20
1 2
9 21
1 196
2 131
5 13
12 104
11 169
1 1
9 91
12 62
11 127
19 0
5 19
1 54
19 5
19 23
11 11
9 138
1 36
12 6
19 11
1 199
5 53
19 4
19 33
11 139
1 125
2 62
19 8
19 9
9 98
19 27
19 46
19 17
1 12
11 16
9 147
19 21
11 20
9 143
19 37
19 109
2 139
11 167
18 94
2 148
5 61
1 104
2 39
12 147
18 18
18 38
18 24
18 55
1 156
2 91
12 67
1 83
2 20
19 6
12 14
18 30
1 182
2 117
18 44
18 35
5 135
2 196
5 6
18 36
1 129
2 66
11 21
9 144
5 8
1 7
18 39
2 192
1 91
2 28
18 40
1 84
2 19
19 49
18 111
12 82
11 147
2 24
12 8
11 73
18 48
11 150
11 62
9 197
19 1
18 63
1 193
19 143
18 117
5 187
5 155
1 73
18 45
2 10
19 15
18 81
5 88
19 14
18 82
1 188
2 141
18 141
12 11
1 183
2 120
18 142
1 46
18 157
19 7
18 73
2 135
5 21
11 18
9 145
19 25
2 121
18 129
2 143
18 162
19 3
18 61
18 167
19 105
1 143
2 80
2 96
12 54
11 119
17 197
5 76
1 107
2 44
17 95
18 32
17 78
5 62
17 85
18 22
17 97
18 34
2 137
17 114
5 150
18 50
17 115
5 177
17 183
18 54
1 138
2 73
1 153
2 90
18 99
17 116
9 99
1 21
17 124
16 59
1 53
17 91
18 28
15 137
1 95
16 83
15 148
2 32
1 67
19 53
2 4
1 189
19 12
15 139
16 88
15 175
12 76
11 141
1 60
15 199
12 42
11 107
11 33
1 30
11 37
9 160
18 31
14 70
12 59
11 122
14 76
2 194
5 4
17 90
17 173
15 127
14 187
11 196
13 66
12 133
13 96
13 152
17 169
18 106
5 160
13 155
2 103
1 66
2 1
18 26
18 16
18 29
13 195
2 147
9 125
10 62
12 15
11 78
10 150
12 5
11 68
9 25
7 151
1 116
5 23
5 75
19 19
7 125
5 12
5 166
6 103
9 12
1 33
8 77
13 193
9 77
1 111
16 72
1 131
2 48
2 68
19 2
16 192
1 194
2 129
2 16
9 20
5 197
6 132
1 187
2 124
15 178
9 49
1 72
2 7
11 49
11 31
9 180
9 166
10 101
11 32
5 59
1 38
9 80
6 156
5 39
1 10
15 189
16 138
17 75
5 169
6 104
12 117
11 180
7 121
1 49
6 113
1 8
9 103
8 170
12 16
11 81
2 183
1 122
5 31
8 119
1 114
2 49
1 20
13 86
12 153
9 104
5 199
6 134
2 174
9 63
1 16
6 120
19 13
1 117
2 54
19 20
6 135
1 62
12 175
12 195
12 107
11 170
2 197
5 1
4 131
5 170
1 178
2 113
1 80
2 15
9 15
7 145
17 84
15 196
5 117
4 182
17 67
17 60
15 180
5 80
4 147
12 2
11 67
9 194
14 122
9 41
1 0
19 42
9 66
6 174
3 107
2 173
19 41
19 10
12 48
11 113
1 75
2 12
9 32
3 140
5 14
1 45
2 150
9 46
6 194
12 31
11 94
16 98
1 11
9 59
6 177
3 160
5 34
14 80
1 132
2 67
13 184
19 52
1 184
2 119
12 111
11 174
11 12
9 135
2 111
1 55
0 118
1 28
6 166
5 24
3 153
5 27
9 48
6 188
1 97
2 34
14 68
12 194
1 77
2 9
2 14
# Substrate Size
200
# Slice Type
0
#Virtual Graph
# noVertices
25
# noArcs
24
# Vertices: id cpu
0 168
1 156
2 60
3 36
4 48
5 144
6 168
7 12
8 36
9 96
10 144
11 24
12 60
13 36
14 24
15 24
16 36
17 24
18 48
19 108
20 36
21 24
22 24
23 60
24 60
# Arcs: idS idT bandwidth delay
0 1 52 311
0 2 20 311
2 3 12 311
2 4 16 311
0 5 48 311
0 6 56 311
3 7 4 311
3 8 12 311
1 9 32 311
1 10 48 311
2 11 8 311
0 12 20 311
2 13 12 311
11 14 8 311
11 15 8 311
2 16 12 311
11 17 8 311
10 18 16 311
10 19 36 311
16 20 12 311
16 21 8 311
11 22 8 311
9 23 20 311
9 24 20 311
# Mapping
1475
# Mapping pairs
16 198
16 197
16 196
16 193
16 191
16 188
16 187
16 186
16 180
16 179
16 178
16 177
16 176
16 174
16 172
16 171
16 170
16 169
16 167
16 166
16 165
16 164
16 162
16 161
16 159
16 158
16 156
16 155
16 153
16 150
16 148
16 147
16 146
16 145
16 144
16 142
16 141
16 139
16 137
16 135
16 134
16 133
16 128
16 127
16 124
16 122
16 121
16 119
16 117
16 115
16 113
16 112
16 111
16 110
16 108
16 107
16 104
16 101
16 100
16 97
16 96
16 95
16 94
16 91
16 90
16 89
16 86
16 125
16 84
16 82
16 79
16 78
16 129
16 77
16 74
16 73
16 71
16 70
16 103
16 69
16 68
16 67
16 66
16 65
16 64
16 63
16 62
16 61
16 60
16 58
16 57
16 56
16 55
16 52
16 51
16 50
16 49
16 47
16 46
16 45
16 44
16 43
16 40
16 37
16 35
16 34
16 33
16 32
16 54
16 30
16 29
16 28
16 27
16 25
16 19
16 18
16 17
16 16
16 12
16 11
16 10
16 9
16 8
16 7
16 6
16 4
16 109
16 3
16 2
16 1
16 0
11 199
11 198
11 196
11 191
11 190
11 189
11 188
11 187
16 106
11 186
11 185
11 184
16 80
11 183
11 180
11 178
11 176
11 173
11 172
11 167
11 166
11 177
11 165
11 164
11 163
11 162
11 161
11 158
11 157
11 156
11 155
11 151
11 149
11 148
11 146
11 145
11 143
11 135
11 132
11 111
11 108
11 74
10 199
11 141
10 198
11 126
10 197
11 127
16 190
10 196
11 128
10 195
11 129
10 193
11 131
10 191
11 133
10 190
11 118
10 189
11 119
10 188
11 120
10 187
11 121
10 186
11 122
10 185
10 184
11 124
10 183
11 125
10 180
11 112
10 178
11 114
10 177
11 115
10 176
11 116
10 175
11 117
10 174
10 172
11 104
10 171
11 105
10 170
11 106
10 169
11 107
10 167
11 109
10 166
11 94
10 165
11 95
10 161
11 99
10 160
11 100
11 160
10 154
11 90
10 153
11 91
10 152
10 151
10 150
11 78
10 149
11 79
16 160
10 148
11 80
10 146
11 82
10 145
10 141
11 71
16 199
10 140
10 135
11 77
10 127
11 69
10 118
11 46
10 71
11 13
10 65
11 3
10 60
10 33
16 48
10 27
10 20
11 144
16 21
9 197
10 134
11 62
11 150
16 189
9 195
10 132
11 64
9 193
11 66
9 190
10 125
11 55
9 184
10 119
11 61
9 182
10 117
11 47
9 177
10 114
11 50
10 111
9 176
11 53
11 142
9 175
10 112
11 52
10 109
9 174
11 39
10 107
9 172
11 41
10 108
9 171
11 40
10 105
9 170
11 43
10 106
9 169
11 42
16 39
10 97
9 162
11 35
9 161
11 34
10 96
9 159
11 36
9 158
11 23
10 94
9 157
10 156
11 22
10 91
9 156
11 25
16 183
9 155
11 24
10 89
9 154
11 27
9 151
11 28
10 85
9 150
11 15
10 86
9 149
11 14
9 148
11 17
10 84
9 147
11 16
10 81
9 146
11 19
10 80
9 143
11 20
10 76
9 139
11 8
10 74
9 137
11 10
10 69
9 134
10 70
9 133
16 140
10 68
9 131
11 0
10 63
9 128
11 5
16 116
10 64
9 127
10 182
11 4
11 110
10 62
9 125
9 124
10 57
9 122
10 144
11 84
10 58
9 121
10 55
9 120
10 56
9 119
10 52
9 115
10 48
9 111
10 43
9 108
10 41
9 106
10 42
9 105
10 39
9 104
10 40
9 103
10 35
9 100
10 34
9 97
10 32
9 95
11 153
10 37
10 29
9 94
10 26
9 89
10 24
9 199
9 87
11 76
10 21
9 86
10 17
9 82
10 13
9 78
10 8
9 71
10 3
9 68
10 4
9 67
10 1
9 66
9 61
9 57
9 54
9 53
9 51
9 50
9 48
9 46
10 23
9 45
10 173
11 103
9 43
10 61
9 126
9 42
9 194
10 129
11 67
9 41
9 187
9 40
10 124
11 56
10 87
9 152
11 29
11 195
9 39
11 152
10 67
10 11
9 132
9 76
9 37
11 1
9 35
9 33
9 31
9 28
9 26
9 191
9 25
10 128
11 68
9 24
9 23
10 16
9 79
9 19
10 38
9 101
9 13
9 11
9 8
10 5
9 70
9 7
9 5
9 2
3 199
3 198
3 197
3 195
3 193
9 185
3 190
10 122
10 163
11 58
11 97
3 188
16 152
3 187
10 101
9 180
9 166
10 115
11 31
11 49
10 100
9 163
3 185
11 32
3 182
3 180
3 179
9 14
3 178
3 177
3 176
3 175
3 174
3 173
3 172
3 171
10 49
9 114
3 170
3 169
3 167
3 164
3 163
3 162
3 161
3 157
3 156
10 9
9 74
3 154
3 153
3 152
3 148
3 158
3 147
3 145
10 46
9 109
3 144
3 142
9 32
3 140
3 139
3 137
10 103
11 45
3 128
3 120
3 96
3 129
2 199
9 27
2 198
3 132
2 196
3 133
2 195
3 134
2 194
3 135
2 193
3 122
2 190
2 189
3 125
2 187
9 178
3 126
2 186
10 113
11 51
16 20
3 127
2 185
3 112
2 184
10 158
11 86
16 42
3 114
2 182
3 116
2 180
3 117
2 179
16 114
3 166
3 104
2 176
11 194
3 105
2 175
3 106
2 174
3 107
2 173
3 109
2 171
3 110
2 170
3 99
2 165
2 162
3 103
2 161
2 160
3 89
2 159
3 91
2 157
2 156
9 3
2 155
3 97
3 94
2 167
2 154
3 80
2 152
3 81
2 151
3 85
2 147
10 44
9 107
3 87
2 145
2 144
3 73
2 143
3 74
2 142
9 186
3 118
3 76
2 178
2 140
10 121
3 77
2 139
3 79
2 137
3 151
3 65
2 135
10 7
3 57
2 127
3 50
2 118
3 121
2 191
3 7
2 65
2 33
9 52
2 30
11 175
3 86
2 146
2 27
9 49
2 7
3 67
1 198
2 133
3 62
1 185
2 122
3 49
1 184
2 119
3 51
1 182
2 117
3 53
1 180
2 115
10 54
9 117
3 54
1 177
2 60
2 114
10 31
9 96
3 115
3 40
1 175
2 112
3 42
1 173
2 110
3 45
1 172
2 107
3 44
1 171
2 108
10 66
9 129
3 47
1 170
2 105
11 2
3 46
1 169
2 106
3 32
1 167
2 104
3 34
1 165
3 36
1 163
2 100
3 43
3 39
1 162
1 174
2 97
2 109
11 159
3 24
1 159
2 96
3 27
1 158
3 29
1 156
2 91
9 16
3 31
1 154
2 89
3 30
1 153
2 90
10 6
9 69
3 19
1 150
2 85
3 18
1 149
2 86
2 37
3 21
1 148
3 9
1 144
2 79
3 8
1 143
2 80
3 10
1 141
2 78
3 12
1 139
2 76
3 0
1 135
3 3
1 134
2 69
3 2
1 133
2 70
3 6
1 129
2 66
1 128
2 63
1 127
2 64
1 125
2 62
11 139
1 120
2 55
1 119
2 56
1 118
2 53
1 124
3 149
1 116
2 51
1 115
2 52
9 196
1 112
2 23
2 47
10 131
11 65
3 16
1 151
10 45
10 14
9 110
9 77
3 4
1 111
1 131
2 48
2 68
1 110
2 45
1 109
2 46
1 108
2 43
1 107
2 44
1 106
2 41
9 179
9 34
1 105
2 42
10 116
11 48
3 84
2 148
3 191
1 104
2 39
3 1
2 71
1 103
2 40
16 14
1 100
2 35
16 31
1 97
2 34
1 95
2 32
1 94
2 29
1 91
2 28
1 90
2 25
3 90
2 158
10 139
11 73
1 87
2 24
11 147
1 86
2 21
1 85
2 22
1 84
2 19
1 82
2 17
1 81
2 18
10 137
11 75
3 55
1 178
2 113
1 80
2 15
3 71
1 194
2 129
1 79
2 16
1 78
2 13
1 76
2 11
1 73
2 10
16 175
3 58
1 189
2 126
1 67
2 4
1 61
16 105
1 60
1 53
16 26
16 154
1 121
2 58
1 52
3 22
1 145
2 82
1 51
3 95
2 153
1 50
1 46
3 13
1 42
1 140
2 75
1 40
1 38
1 44
1 37
1 41
9 12
1 33
9 183
10 120
11 60
1 69
2 6
1 31
2 166
1 32
10 99
9 164
1 30
11 33
10 22
9 85
9 18
1 29
3 23
1 146
2 81
1 26
3 26
1 157
2 94
3 17
1 152
2 87
9 22
1 23
1 20
1 114
2 49
1 19
9 198
10 133
11 63
1 18
1 17
10 0
9 63
1 16
3 159
1 15
1 68
2 3
1 14
1 43
1 12
10 79
9 144
11 21
1 7
1 5
1 4
9 21
3 143
3 69
1 196
2 131
10 28
9 91
1 1
11 169
1 0
1 58
24 0
16 41
24 5
10 50
9 113
24 23
1 77
1 74
24 2
2 9
2 14
24 4
3 184
3 68
1 195
2 132
3 78
24 49
1 54
24 15
24 41
3 60
24 20
1 187
2 124
10 73
24 33
11 11
1 36
24 7
24 3
3 28
24 8
1 155
16 99
24 14
10 110
9 173
3 37
1 47
1 164
2 99
11 38
10 104
9 167
11 44
24 27
3 48
24 10
1 183
2 120
3 75
2 141
16 36
3 61
24 53
1 188
24 19
24 25
1 113
2 50
24 105
11 137
10 53
9 118
3 155
1 35
9 0
24 37
9 188
23 165
11 57
22 35
22 16
22 29
3 119
2 177
22 94
9 38
23 176
22 18
22 99
22 34
3 15
22 32
2 73
16 22
16 184
1 24
22 22
24 1
9 10
22 39
22 30
16 76
10 75
9 140
22 31
11 9
9 135
3 41
24 21
1 176
2 111
11 12
24 6
22 26
22 129
11 174
1 55
1 28
24 52
16 13
22 36
22 50
1 190
2 125
10 155
11 89
10 77
9 142
22 117
11 7
22 81
1 10
16 75
16 126
22 82
21 56
21 51
10 2
9 65
21 64
10 36
9 99
1 21
16 185
21 89
22 24
21 158
11 197
1 70
2 5
1 6
22 106
1 96
2 31
21 100
9 165
24 11
11 30
3 25
1 160
2 95
21 112
24 9
16 182
24 143
21 172
21 108
22 45
2 20
10 194
21 126
22 63
3 56
1 191
2 128
16 143
21 146
20 67
20 95
20 75
20 84
9 17
20 169
1 8
1 49
20 91
10 162
20 90
9 15
20 97
10 12
9 75
20 114
20 183
19 127
9 20
19 137
22 28
19 139
19 175
1 25
19 178
20 115
3 33
22 44
2 103
1 66
2 1
9 1
23 128
1 71
2 8
20 124
19 189
1 34
19 199
21 69
18 80
16 15
16 195
23 179
16 118
3 20
1 147
2 84
21 79
18 68
16 149
16 194
9 189
18 187
10 126
11 54
16 163
1 64
17 66
16 131
1 2
16 87
3 14
1 137
2 74
17 86
21 47
16 151
3 150
1 3
21 57
17 184
10 30
3 101
2 163
17 195
3 100
2 164
1 62
3 194
22 40
3 131
2 197
11 170
24 13
22 142
17 193
15 150
16 85
10 47
9 112
10 159
11 101
1 56
3 35
1 166
2 101
1 39
15 101
16 38
20 60
24 12
21 186
16 132
16 173
14 71
10 82
9 145
17 152
11 18
3 63
1 186
2 121
14 87
1 57
24 17
1 27
10 142
11 70
16 81
24 46
13 74
2 149
1 11
3 160
3 5
22 162
1 132
2 67
12 77
11 140
12 119
1 99
2 36
11 182
1 48
1 101
2 38
12 170
1 63
2 0
1 22
13 163
11 134
18 70
24 42
22 157
10 25
9 90
8 151
7 103
10 164
11 96
3 124
2 188
22 73
19 148
20 85
20 197
21 149
9 30
7 156
3 108
2 172
10 18
9 81
3 146
10 157
11 87
22 55
22 48
17 155
7 104
1 117
2 54
3 141
15 62
3 189
19 196
24 109
16 53
9 4
7 134
1 89
2 26
3 52
22 38
1 179
2 116
9 9
7 135
9 55
23 185
1 9
22 61
9 47
7 177
9 6
7 132
3 11
1 142
2 77
10 78
9 141
11 6
11 193
16 23
9 62
7 188
6 131
11 154
21 58
23 198
10 95
9 160
17 96
11 37
16 157
6 147
9 36
7 166
9 56
8 121
5 140
21 43
10 10
9 73
5 153
16 5
9 44
7 174
20 116
11 179
7 113
1 65
2 2
5 160
16 120
18 122
9 58
6 182
3 113
2 183
10 147
11 81
1 122
2 57
22 54
3 38
1 161
10 90
10 19
9 153
9 84
21 65
11 26
3 183
3 64
4 118
1 199
18 76
22 141
10 15
9 80
3 165
8 145
9 64
3 66
7 194
1 197
2 134
16 24
3 196
4 133
5 107
3 111
2 169
7 120
1 75
22 167
2 12
10 179
11 113
3 82
1 45
2 150
4 144
9 60
3 186
8 125
22 111
3 70
1 193
20 173
20 78
23 159
1 13
9 29
19 180
10 143
11 85
11 171
10 51
9 116
13 110
0 191
1 126
2 61
# Substrate Size
200
# Slice Type
0
#Virtual Graph
# noVertices
9
# noArcs
8
# Vertices: id cpu
0 144
1 81
2 135
3 54
4 63
5 45
6 45
7 27
8 27
# Arcs: idS idT bandwidth delay
0 1 27 311
0 2 45 311
1 3 18 311
1 4 21 311
1 5 15 311
1 6 15 311
6 7 9 311
6 8 9 311
# Mapping
232
# Mapping pairs
6 198
6 184
6 182
6 155
6 152
6 147
6 133
6 131
6 126
6 112
6 108
6 100
6 79
6 64
6 57
6 53
6 51
6 21
6 17
6 13
6 96
6 12
6 11
6 10
6 8
6 6
6 5
6 110
6 2
6 143
1 198
1 193
1 185
6 149
1 184
1 182
1 176
1 163
1 179
1 159
1 149
1 147
1 146
1 144
1 143
1 131
6 163
1 126
1 118
1 109
1 108
1 100
1 86
6 179
1 69
1 65
1 56
1 53
1 51
1 42
1 33
1 57
1 27
1 46
1 25
6 3
1 23
1 152
1 21
6 15
1 20
1 17
1 13
1 79
6 7
1 12
6 128
1 49
1 8
1 5
1 41
1 37
1 4
1 47
1 2
1 52
8 0
6 47
8 5
1 10
8 23
8 1
1 11
8 11
8 4
1 155
6 43
8 13
1 96
1 6
8 49
1 105
8 41
6 56
6 74
8 15
6 193
8 20
6 27
1 7
8 12
6 195
1 58
8 46
8 17
8 53
6 46
1 3
6 19
8 37
8 3
6 42
8 42
6 118
1 15
8 52
6 105
8 27
6 89
6 185
8 143
6 158
8 105
6 172
7 128
6 23
7 159
1 43
1 14
7 179
1 74
7 176
1 110
1 9
7 185
5 47
1 64
6 52
5 79
6 14
6 20
6 66
6 186
5 51
1 89
5 57
1 19
1 158
8 8
5 65
6 0
6 69
5 89
8 21
8 7
5 43
1 165
5 149
5 126
5 146
5 112
6 49
5 64
4 66
6 1
8 2
5 108
4 86
1 186
4 96
1 172
5 100
7 165
8 10
6 37
4 155
1 133
6 25
4 184
6 58
5 56
6 176
5 172
8 6
1 128
6 41
6 86
6 109
4 195
8 9
6 65
6 159
5 58
1 195
8 33
6 165
4 193
6 9
3 110
5 158
5 186
3 163
1 112
3 74
1 1
2 131
8 109
1 0
2 182
8 14
6 33
5 69
4 152
7 198
8 19
6 4
1 66
6 144
2 147
8 25
0 133
6 146
# Substrate Size
200
# Slice Type
0
#Virtual Graph
# noVertices
26
# noArcs
25
# Vertices: id cpu
0 378
1 135
2 270
3 297
4 297
5 270
6 135
7 108
8 81
9 162
10 216
11 81
12 81
13 189
14 108
15 297
16 54
17 54
18 81
19 81
20 108
21 81
22 162
23 135
24 81
25 81
# Arcs: idS idT bandwidth delay
0 1 45 311
0 2 90 311
0 3 99 311
0 4 99 311
4 5 90 311
4 6 45 311
6 7 36 311
6 8 27 311
5 9 54 311
5 10 72 311
9 11 27 311
9 12 27 311
2 13 63 311
2 14 36 311
0 15 99 311
14 16 18 311
14 17 18 311
11 18 27 311
11 19 27 311
7 20 36 311
7 21 27 311
3 22 54 311
3 23 45 311
18 24 27 311
18 25 27 311
# Mapping
1667
# Mapping pairs
18 198
18 197
18 195
18 193
18 190
18 189
18 188
18 186
18 184
18 180
18 179
18 178
18 177
18 174
18 173
18 172
18 169
18 166
18 165
18 164
18 162
18 160
18 159
18 158
18 157
18 156
18 155
18 154
18 153
18 151
18 191
18 150
18 149
18 163
18 145
18 142
18 141
18 139
18 134
18 129
18 127
18 126
18 124
18 122
18 118
18 117
18 116
18 114
18 113
18 111
18 110
18 107
18 196
18 106
18 104
18 183
18 103
18 101
18 99
18 95
18 91
18 88
18 85
18 84
18 83
18 79
18 78
18 76
18 75
18 74
18 72
18 71
18 70
18 68
18 67
18 62
18 60
18 58
18 57
18 55
18 51
18 50
18 48
18 47
18 44
18 43
18 40
18 39
18 35
18 34
18 32
18 26
18 16
14 199
14 196
14 195
14 194
14 193
14 192
14 190
14 188
18 89
14 187
14 186
14 185
18 81
14 184
18 176
14 183
14 180
14 179
14 176
14 175
14 174
14 173
14 172
14 169
14 166
14 161
18 28
14 160
14 159
14 158
14 157
14 156
14 155
14 197
14 153
14 150
14 149
14 146
14 145
14 144
14 142
14 139
14 138
18 65
18 80
14 134
14 132
14 129
14 128
14 127
14 126
14 125
14 121
14 120
14 118
14 117
14 116
14 114
14 113
14 112
14 111
14 108
14 107
14 104
14 103
14 101
14 99
14 96
14 95
14 94
14 91
14 89
14 88
14 86
14 85
14 84
14 79
14 78
14 74
14 72
14 71
14 70
14 69
14 68
14 67
14 66
14 65
14 64
18 192
14 63
14 61
14 59
14 58
14 57
14 56
14 55
14 152
14 54
14 51
14 50
14 45
14 44
14 40
14 35
14 34
18 137
14 31
14 26
14 24
14 16
14 38
11 199
11 198
11 196
11 192
11 191
11 190
11 189
11 187
11 186
11 185
11 183
11 178
11 176
11 173
11 172
11 169
11 167
11 162
11 161
11 158
11 157
11 156
11 155
11 151
11 148
11 146
11 145
11 141
11 140
11 138
14 87
11 137
11 135
11 132
11 129
11 128
11 127
18 64
11 126
14 73
11 125
11 124
11 122
14 76
11 121
11 118
11 116
11 114
11 112
11 111
11 107
11 106
11 104
11 100
11 160
11 99
11 98
11 95
11 91
11 90
11 85
11 171
11 83
11 82
11 80
11 79
18 30
11 78
11 72
11 71
18 69
11 70
18 115
11 47
11 43
11 16
9 198
11 63
9 194
11 67
14 122
9 193
11 66
9 192
11 69
9 190
11 55
9 189
11 54
18 187
9 188
11 57
9 184
11 61
9 177
11 50
9 176
11 142
9 175
9 174
11 39
9 172
9 171
11 40
9 169
14 178
9 166
9 180
11 31
9 165
11 30
9 164
9 162
11 35
9 161
11 34
9 158
9 156
14 62
9 155
11 24
9 154
18 185
9 152
11 29
11 195
9 151
11 28
9 150
9 149
9 148
9 146
9 141
11 193
14 162
9 140
18 128
9 139
9 138
9 137
9 134
14 36
9 133
9 128
9 127
11 110
9 126
9 125
9 117
9 116
9 115
9 113
9 112
11 101
9 108
9 106
9 104
9 103
9 100
9 99
18 59
9 98
14 171
9 95
11 153
9 94
9 91
9 90
9 89
9 87
9 199
11 76
7 185
9 55
7 184
9 58
7 166
9 36
7 165
9 35
7 164
9 38
7 162
9 32
7 161
9 31
7 160
9 34
9 179
11 48
7 159
7 158
9 28
7 155
9 29
7 154
9 24
7 153
7 152
9 26
7 151
9 191
11 68
7 145
7 142
7 141
7 138
14 97
7 132
7 129
18 90
7 126
7 124
7 122
7 121
11 180
7 117
7 115
7 113
7 112
7 111
7 110
7 108
7 103
11 96
7 101
9 111
7 96
7 91
9 120
6 199
7 167
6 198
6 197
7 169
9 39
11 152
6 196
9 40
9 187
11 56
7 95
6 193
7 173
9 43
6 190
7 176
9 50
6 189
7 177
9 47
6 188
7 178
9 48
6 187
7 179
6 185
9 51
18 135
6 183
7 183
9 57
18 38
6 180
7 186
9 56
6 175
7 191
9 65
6 174
7 192
9 66
7 98
6 165
9 71
6 162
9 78
6 161
9 75
6 160
7 163
9 76
9 132
6 158
9 82
14 48
7 149
6 157
9 79
7 144
6 155
9 18
9 85
6 154
9 86
7 107
6 152
9 84
9 153
11 26
6 150
9 122
11 84
6 149
6 191
6 146
7 175
7 88
6 140
14 39
6 138
6 116
7 70
6 40
18 66
6 134
5 199
7 150
6 132
5 197
18 199
7 116
6 133
5 196
6 178
5 194
7 188
9 62
11 154
6 129
5 192
6 126
5 191
6 128
6 124
5 193
5 189
6 125
5 188
5 186
6 173
7 193
9 63
6 120
5 185
6 121
5 184
6 118
5 183
6 114
5 179
6 113
5 176
6 111
5 174
6 108
5 173
14 137
18 125
6 106
5 171
6 104
5 169
5 167
6 100
5 165
6 101
5 164
14 133
6 96
5 161
9 121
6 97
5 160
14 90
7 16
6 94
5 159
18 146
6 95
5 158
14 115
7 18
5 157
6 179
7 187
9 61
5 156
6 122
6 90
5 187
5 155
18 45
6 91
5 154
7 22
6 167
6 88
5 153
7 199
9 73
14 148
6 89
5 152
6 87
5 150
7 26
6 84
5 149
6 83
5 146
18 18
7 30
6 80
5 145
7 29
6 81
5 144
5 140
18 175
7 35
6 75
5 138
7 139
7 38
6 72
5 137
9 101
7 58
5 117
7 68
5 107
6 151
5 80
5 75
6 69
5 132
4 199
6 68
5 133
4 198
7 135
7 39
6 71
5 134
4 197
7 28
6 82
6 64
5 129
4 194
7 44
6 66
4 192
14 106
6 61
5 124
4 191
7 50
6 60
5 125
4 190
7 47
6 63
5 126
4 189
14 140
7 48
6 62
5 127
4 188
7 31
6 79
5 142
6 57
5 120
4 187
5 195
7 106
7 36
6 74
5 139
11 108
7 54
6 56
5 121
4 186
7 51
6 59
5 122
4 185
7 57
5 116
4 183
7 62
6 142
6 48
5 113
4 178
7 65
6 45
5 108
4 175
7 137
7 64
5 111
4 172
7 196
9 70
7 69
5 104
4 171
7 73
5 100
4 167
7 71
6 39
4 165
6 153
9 83
11 144
14 164
7 72
6 38
5 103
4 164
7 78
7 56
6 54
6 32
5 97
4 180
4 162
7 76
6 34
5 99
4 160
7 81
6 29
4 159
18 29
7 82
6 28
4 158
7 79
6 31
5 94
4 157
7 80
6 30
5 95
4 156
7 83
5 90
4 153
7 84
6 26
5 91
4 152
7 198
9 68
6 186
7 180
9 54
5 85
4 150
7 128
5 86
4 149
6 16
5 81
4 146
6 18
5 83
4 144
4 142
5 78
4 141
5 79
4 140
7 43
6 67
4 193
14 167
5 72
4 139
5 73
4 138
5 74
4 137
5 55
4 116
5 69
4 134
3 199
7 97
7 55
6 55
5 118
14 191
5 68
4 135
3 198
5 71
4 132
3 197
5 70
4 133
3 196
5 67
4 128
3 193
5 66
4 129
3 192
5 63
4 124
3 189
5 62
4 125
3 188
18 22
6 176
5 56
3 186
7 190
9 60
5 59
4 120
3 185
9 163
11 32
5 54
4 117
3 180
4 114
3 179
5 45
4 110
3 175
3 172
5 43
4 104
3 169
3 167
6 156
5 39
4 100
3 165
9 80
5 38
4 101
3 164
4 98
3 163
6 22
5 87
4 148
5 32
4 99
3 162
5 31
3 157
5 57
4 122
3 187
5 30
3 156
6 166
5 24
3 154
4 91
9 74
3 153
4 88
5 26
3 152
4 89
14 75
3 150
4 87
5 22
3 148
4 85
7 125
3 142
4 79
3 139
4 74
6 99
5 162
3 137
4 72
3 114
4 51
3 96
3 85
3 73
3 69
4 78
4 118
3 64
3 183
4 106
3 171
3 47
9 129
3 34
7 67
6 43
5 106
4 169
3 28
2 199
3 129
4 64
7 157
2 198
4 67
7 89
5 64
3 194
2 197
4 66
2 195
3 133
4 68
5 84
4 151
2 193
3 135
4 70
18 108
2 192
3 120
4 57
2 189
4 58
2 188
3 124
4 61
2 185
3 127
4 62
2 184
3 112
11 86
14 177
2 180
3 116
2 179
3 117
2 177
4 54
5 36
4 103
3 166
2 176
3 104
11 194
5 96
4 163
2 175
4 40
2 174
3 106
4 43
14 82
2 173
3 107
7 156
9 30
2 172
3 108
4 45
2 171
4 44
7 120
2 169
3 111
2 166
3 98
4 35
6 73
2 161
3 103
4 38
2 159
3 89
4 24
2 157
3 91
4 26
14 81
2 156
4 29
7 133
2 155
4 28
14 83
2 154
2 167
3 94
3 97
4 31
4 32
2 153
3 95
4 30
2 146
3 86
14 22
5 65
3 195
2 144
3 72
2 137
3 79
2 133
3 67
5 58
4 121
2 132
3 68
3 184
2 138
3 78
2 128
3 56
6 164
2 127
3 57
9 72
7 90
6 145
2 124
3 60
2 122
3 62
7 94
2 118
3 50
6 107
2 113
3 55
2 110
2 108
3 44
7 100
2 106
2 190
3 122
4 59
2 104
3 32
6 144
18 152
2 103
2 116
2 100
3 36
14 18
14 60
2 98
3 38
2 97
3 39
3 43
11 159
2 96
3 24
2 95
7 146
9 16
2 89
3 31
7 148
4 73
9 22
2 94
3 26
2 87
2 86
3 18
6 171
7 195
9 69
2 85
2 83
2 82
3 22
2 81
2 78
5 47
4 108
3 173
14 29
2 76
2 90
3 30
6 112
5 177
2 73
14 165
18 54
18 120
2 72
7 40
6 70
5 135
4 196
2 196
3 132
4 69
7 61
5 112
4 179
18 36
2 66
18 121
2 65
2 191
3 121
4 56
14 110
7 24
6 86
5 172
5 151
2 140
2 178
3 76
3 118
4 55
9 186
11 59
2 63
2 62
11 139
7 99
2 56
2 55
2 142
3 74
2 88
3 16
2 47
9 196
11 65
18 86
5 76
2 44
7 140
5 48
4 115
3 178
2 152
3 80
2 38
2 36
2 64
2 35
14 154
2 29
14 28
2 28
7 134
2 26
2 22
2 18
11 75
2 129
3 71
2 16
2 126
3 58
5 51
4 112
3 177
2 32
25 128
14 198
6 103
5 166
25 165
6 184
2 30
11 175
7 60
6 50
5 115
4 176
25 176
11 166
11 177
6 98
5 163
25 185
2 71
2 40
14 141
24 55
5 50
4 113
3 176
24 94
24 29
14 100
6 110
5 175
24 18
9 142
24 99
3 140
2 150
3 82
18 100
24 32
11 113
24 39
11 133
2 125
3 59
11 89
24 24
24 34
2 31
7 114
18 97
24 129
5 28
4 95
3 158
4 82
7 34
6 76
5 141
24 28
11 163
24 36
24 40
11 149
24 48
6 127
5 190
24 50
11 165
7 127
24 63
24 54
3 70
2 50
18 112
24 117
24 157
2 51
3 149
4 84
24 167
5 29
3 159
4 94
23 47
24 16
23 79
14 30
18 133
3 145
4 80
3 141
4 76
14 124
23 64
7 66
6 44
4 174
24 73
24 142
18 161
6 115
5 178
23 57
2 34
23 65
24 44
9 159
11 36
6 177
5 34
4 97
3 160
7 189
9 59
2 67
24 35
23 100
14 80
18 96
23 58
23 158
6 169
23 108
7 197
9 67
7 86
6 24
5 89
4 154
2 187
3 125
4 60
23 149
2 139
23 146
24 81
22 67
2 45
22 197
7 63
6 47
5 110
4 173
2 58
18 194
24 82
9 124
22 95
11 197
2 80
18 167
22 173
23 89
24 26
18 61
2 165
3 99
4 34
22 169
24 30
2 107
3 45
5 35
4 96
3 161
22 84
2 120
3 48
22 85
11 74
2 101
3 35
22 114
22 183
11 164
18 98
2 75
25 159
22 124
18 56
7 118
21 98
20 148
24 141
2 57
2 183
3 113
4 48
11 81
20 180
20 189
6 148
2 117
20 196
3 51
17 66
2 145
3 87
4 22
9 107
18 171
17 96
9 160
18 31
2 135
3 65
3 151
4 86
18 73
2 121
3 63
17 152
9 145
11 18
18 87
7 104
2 54
6 135
5 198
17 155
7 74
7 45
6 159
6 65
6 36
5 128
5 101
5 16
4 195
4 166
3 146
4 83
9 81
11 87
20 178
22 78
21 59
17 184
7 32
6 78
5 82
4 145
19 187
17 193
16 62
14 189
21 83
24 111
16 150
18 24
5 61
4 126
2 39
3 191
2 148
3 84
18 94
15 71
22 115
24 45
3 110
4 47
19 122
6 172
2 134
15 87
3 66
7 194
9 64
14 163
2 115
23 112
2 61
13 110
14 47
2 43
19 80
11 117
18 144
2 149
13 74
3 83
4 18
5 40
4 107
9 114
24 106
20 127
12 151
2 84
19 70
18 138
25 198
12 121
11 184
2 24
2 158
3 90
11 73
10 156
9 157
11 22
11 88
12 125
11 188
21 72
20 139
3 155
4 90
9 118
14 32
7 59
6 51
5 114
4 177
3 128
4 65
10 103
11 45
10 113
2 186
3 126
4 63
9 178
11 51
14 135
19 68
18 140
12 145
6 85
5 148
10 120
9 183
11 60
2 69
20 199
5 18
3 144
4 81
2 151
3 81
4 16
2 111
9 135
21 192
23 69
11 174
10 177
11 115
2 91
19 76
3 29
18 148
24 31
23 126
24 61
20 175
10 194
6 194
6 58
4 184
8 107
7 172
22 91
23 43
6 163
2 68
2 48
8 140
9 110
10 174
23 172
2 194
3 134
4 71
21 138
22 75
13 163
11 134
14 98
3 138
4 75
9 144
7 75
6 195
6 35
5 98
4 161
8 153
7 171
9 45
9 88
11 103
7 87
21 88
23 186
2 162
4 39
10 188
11 120
25 179
10 134
9 197
11 62
11 150
18 63
8 160
9 97
6 141
2 99
9 173
11 38
10 104
9 167
11 44
17 86
2 74
20 137
10 166
11 94
23 51
7 85
5 88
4 155
3 61
18 82
2 141
22 90
3 75
14 151
5 44
4 111
3 174
2 70
1 133
22 97
1 118
2 59
2 112
3 40
3 115
4 50
9 96
6 192
7 174
9 44
11 179
16 101
2 160
3 88
22 60
6 139
2 79
1 144
22 116
6 117
5 180
10 132
9 195
11 64
24 22
24 38
10 135
14 43
23 56
5 60
4 127
3 190
9 185
11 58
11 97
24 162
6 137
17 195
2 163
3 101
4 36
18 132
2 164
3 100
2 114
2 60
3 54
0 171
# Substrate Size
200
# Slice Type
0
#Virtual Graph
# noVertices
6
# noArcs
5
# Vertices: id cpu
0 264
1 240
2 120
3 144
4 240
5 240
# Arcs: idS idT bandwidth delay
0 1 80 311
0 2 40 311
1 3 48 311
1 4 80 311
1 5 80 311
# Mapping
71
# Mapping pairs
1 191
1 183
1 173
1 171
1 190
1 161
1 140
1 153
1 138
1 124
1 119
1 169
1 115
1 91
1 107
1 197
1 90
1 88
1 114
1 85
1 84
1 83
1 97
1 77
1 75
1 95
1 67
5 60
1 72
5 197
1 116
5 75
5 169
5 91
5 115
5 183
1 192
5 116
1 154
5 124
1 59
5 90
5 95
4 83
1 160
4 72
4 138
1 164
4 98
4 192
5 85
1 170
3 77
3 119
5 97
1 98
5 78
5 173
5 84
4 59
5 114
3 170
1 60
2 140
4 88
2 153
1 78
2 107
2 160
0 190
5 67
# Substrate Size
200
# Slice Type
0
#Virtual Graph
# noVertices
5
# noArcs
4
# Vertices: id cpu
0 312
1 216
2 216
3 168
4 72
# Arcs: idS idT bandwidth delay
0 1 72 311
0 2 72 311
2 3 56 311
2 4 24 311
# Mapping
37
# Mapping pairs
2 191
2 190
2 171
2 168
2 182
2 161
2 154
2 147
2 136
2 160
2 131
2 181
2 123
2 153
2 107
2 92
4 102
4 130
2 140
2 130
4 123
4 168
4 181
2 93
4 136
4 93
3 182
3 147
4 92
2 102
1 140
2 164
3 131
1 153
1 160
1 107
0 164
# Substrate Size
200
# Slice Type
0
#Virtual Graph
# noVertices
5
# noArcs
4
# Vertices: id cpu
0 11
1 3
2 5
3 1
4 2
# Arcs: idS idT bandwidth delay
0 1 3 206
0 2 5 182
0 3 1 235
0 4 2 177
# Mapping
9
# Mapping pairs
3 135
3 174
2 127
2 178
1 147
1 131
4 3
0 124
4 37
# Substrate Size
200
# Slice Type
1
#Virtual Graph
# noVertices
8
# noArcs
7
# Vertices: id cpu
0 24
1 3
2 2
3 3
4 4
5 5
6 2
7 5
# Arcs: idS idT bandwidth delay
0 1 3 164
0 2 2 213
0 3 3 161
0 4 4 153
0 5 5 180
0 6 2 181
0 7 5 199
# Mapping
15
# Mapping pairs
7 140
6 2
5 85
4 74
4 110
3 132
5 90
3 134
2 118
2 133
6 53
1 170
1 119
0 165
7 160
# Substrate Size
200
# Slice Type
1
#Virtual Graph
# noVertices
26
# noArcs
25
# Vertices: id cpu
0 70
1 1
2 4
3 3
4 3
5 5
6 4
7 4
8 2
9 2
10 4
11 3
12 2
13 4
14 2
15 3
16 2
17 1
18 2
19 4
20 2
21 3
22 2
23 3
24 2
25 3
# Arcs: idS idT bandwidth delay
0 1 1 144
0 2 4 107
0 3 3 90
0 4 3 79
0 5 5 123
0 6 4 127
0 7 4 79
0 8 2 172
0 9 2 114
0 10 4 157
0 11 3 133
0 12 2 151
0 13 4 117
0 14 2 103
0 15 3 157
0 16 2 140
0 17 1 102
0 18 2 116
0 19 4 135
0 20 2 144
0 21 3 157
0 22 2 72
0 23 3 122
0 24 2 125
0 25 3 166
# Mapping
51
# Mapping pairs
25 34
23 147
23 131
21 137
21 196
20 78
19 30
18 172
17 77
22 110
17 170
16 82
15 80
15 122
14 121
24 101
13 102
13 92
12 120
11 185
14 151
12 135
10 111
9 87
8 116
9 71
7 107
5 17
25 18
4 43
18 89
4 51
11 179
3 152
2 72
6 1
8 91
24 62
2 83
5 27
1 191
7 160
22 74
16 48
1 171
19 44
3 66
6 13
10 45
0 133
20 169
# Substrate Size
200
# Slice Type
1
#Virtual Graph
# noVertices
20
# noArcs
19
# Vertices: id cpu
0 53
1 4
2 1
3 2
4 2
5 3
6 4
7 1
8 3
9 5
10 1
11 2
12 1
13 3
14 4
15 4
16 3
17 1
18 4
19 5
# Arcs: idS idT bandwidth delay
0 1 4 47
0 2 1 102
0 3 2 94
0 4 2 125
0 5 3 79
0 6 4 96
0 7 1 78
0 8 3 94
0 9 5 108
0 10 1 94
0 11 2 91
0 12 1 38
0 13 3 49
0 14 4 111
0 15 4 86
0 16 3 109
0 17 1 96
0 18 4 121
0 19 5 173
# Mapping
39
# Mapping pairs
18 191
18 171
17 137
17 127
14 16
13 110
13 74
12 43
11 71
15 88
19 114
10 130
16 104
9 185
8 131
11 87
7 193
7 66
6 150
15 138
8 182
6 62
5 170
14 22
16 134
5 119
4 122
12 158
4 70
3 107
10 102
9 165
2 25
19 197
2 2
3 140
1 121
1 145
0 118
# Substrate Size
200
# Slice Type
1
#Virtual Graph
# noVertices
20
# noArcs
19
# Vertices: id cpu
0 58
1 5
2 3
3 1
4 3
5 1
6 2
7 4
8 2
9 3
10 1
11 5
12 5
13 5
14 2
15 4
16 1
17 3
18 4
19 4
# Arcs: idS idT bandwidth delay
0 1 5 99
0 2 3 83
0 3 1 122
0 4 3 73
0 5 1 150
0 6 2 119
0 7 4 112
0 8 2 97
0 9 3 93
0 10 1 81
0 11 5 71
0 12 5 126
0 13 5 62
0 14 2 96
0 15 4 116
0 16 1 93
0 17 3 69
0 18 4 64
0 19 4 110
# Mapping
39
# Mapping pairs
19 153
17 170
17 119
16 151
15 76
14 92
12 161
11 96
11 184
10 57
10 149
18 148
18 180
9 176
8 24
8 29
6 41
9 179
7 182
19 107
5 166
15 122
4 67
13 74
13 110
4 114
3 144
3 133
5 113
14 136
2 138
2 59
7 147
12 190
1 150
1 62
0 71
6 14
16 145
# Substrate Size
200
# Slice Type
1
#Virtual Graph
# noVertices
14
# noArcs
13
# Vertices: id cpu
0 39
1 1
2 2
3 5
4 2
5 5
6 2
7 3
8 3
9 2
10 4
11 4
12 5
13 1
# Arcs: idS idT bandwidth delay
0 1 1 149
0 2 2 109
0 3 5 132
0 4 2 119
0 5 5 117
0 6 2 89
0 7 3 118
0 8 3 98
0 9 2 104
0 10 4 96
0 11 4 101
0 12 5 66
0 13 1 112
# Mapping
27
# Mapping pairs
12 43
12 65
11 87
10 59
10 88
9 193
8 161
7 168
7 136
13 150
8 154
6 170
6 77
5 29
11 71
3 70
5 48
13 101
3 187
2 182
2 147
4 118
1 115
4 133
1 90
9 155
0 74
# Substrate Size
200
# Slice Type
1
#Virtual Graph
# noVertices
13
# noArcs
12
# Vertices: id cpu
0 31
1 1
2 1
3 3
4 1
5 3
6 5
7 2
8 3
9 5
10 4
11 1
12 2
# Arcs: idS idT bandwidth delay
0 1 1 89
0 2 1 105
0 3 3 101
0 4 1 99
0 5 3 31
0 6 5 92
0 7 2 69
0 8 3 107
0 9 5 124
0 10 4 129
0 11 1 60
0 12 2 96
# Mapping
25
# Mapping pairs
10 75
9 196
11 98
8 76
6 150
12 159
6 101
12 165
7 163
4 118
4 133
9 180
10 115
3 53
2 190
7 74
2 171
3 19
1 123
1 92
11 138
8 68
5 125
0 87
5 145
# Substrate Size
200
# Slice Type
1
#Virtual Graph
# noVertices
20
# noArcs
19
# Vertices: id cpu
0 59
1 4
2 2
3 5
4 5
5 4
6 2
7 5
8 4
9 1
10 4
11 2
12 1
13 1
14 4
15 1
16 5
17 5
18 1
19 3
# Arcs: idS idT bandwidth delay
0 1 4 131
0 2 2 113
0 3 5 93
0 4 5 98
0 5 4 98
0 6 2 143
0 7 5 169
0 8 4 92
0 9 1 121
0 10 4 154
0 11 2 110
0 12 1 118
0 13 1 97
0 14 4 139
0 15 1 122
0 16 5 158
0 17 5 86
0 18 1 127
0 19 3 129
# Mapping
39
# Mapping pairs
18 156
17 192
17 83
16 97
16 115
14 160
19 179
19 185
13 184
12 92
15 144
18 104
11 87
10 80
9 62
13 193
8 171
12 181
7 36
11 71
6 105
14 153
5 163
3 147
7 157
2 186
9 101
8 164
2 172
4 170
10 187
1 139
5 110
6 20
1 137
15 118
3 182
4 119
0 145
# Substrate Size
200
# Slice Type
1
#Virtual Graph
# noVertices
16
# noArcs
15
# Vertices: id cpu
0 39
1 1
2 2
3 1
4 3
5 4
6 3
7 2
8 3
9 2
10 2
11 5
12 2
13 5
14 3
15 1
# Arcs: idS idT bandwidth delay
0 1 1 89
0 2 2 122
0 3 1 110
0 4 3 117
0 5 4 133
0 6 3 105
0 7 2 146
0 8 3 129
0 9 2 185
0 10 2 69
0 11 5 73
0 12 2 129
0 13 5 155
0 14 3 139
0 15 1 147
# Mapping
31
# Mapping pairs
15 95
15 114
14 190
13 49
11 121
10 43
9 188
12 44
7 107
7 153
5 118
14 191
8 68
4 71
10 79
3 59
12 24
13 41
6 86
2 150
4 87
2 62
11 125
1 77
9 174
5 144
3 72
8 70
1 119
6 66
0 110
# Substrate Size
200
# Slice Type
1
#Virtual Graph
# noVertices
11
# noArcs
10
# Vertices: id cpu
0 27
1 1
2 1
3 3
4 4
5 4
6 4
7 4
8 1
9 2
10 3
# Arcs: idS idT bandwidth delay
0 1 1 175
0 2 1 212
0 3 3 173
0 4 4 172
0 5 4 154
0 6 4 164
0 7 4 153
0 8 1 193
0 9 2 199
0 10 3 211
# Mapping
21
# Mapping pairs
8 189
8 180
7 74
7 110
6 187
5 65
5 89
10 144
4 71
3 38
4 87
2 159
10 118
6 122
1 155
3 45
1 184
2 185
0 12
9 160
9 107
# Substrate Size
200
# Slice Type
1
#Virtual Graph
# noVertices
22
# noArcs
88
# Vertices: id cpu
0 288
1 432
2 144
3 238
4 244
5 400
6 212
7 392
8 438
9 302
10 376
11 466
12 336
13 324
14 230
15 472
16 374
17 414
18 300
19 338
20 238
21 390
# Arcs: idS idT bandwidth delay
0 1 47 311
0 2 22 311
1 2 49 311
1 3 63 311
2 3 30 311
2 17 12 311
3 4 28 311
3 5 26 311
4 5 32 311
4 8 20 311
5 6 56 311
5 7 64 311
6 7 16 311
6 8 36 311
7 8 35 311
7 9 61 311
8 9 38 311
8 10 63 311
9 10 60 311
9 11 18 311
10 11 46 311
10 12 53 311
11 12 53 311
11 13 56 311
12 13 59 311
12 14 59 311
13 14 65 311
13 15 25 311
14 15 12 311
14 16 49 311
15 16 50 311
15 17 70 311
16 17 40 311
16 18 61 311
17 18 54 311
17 19 18 311
18 19 37 311
18 20 53 311
19 4 50 311
19 21 36 311
20 21 39 311
20 0 15 311
21 0 70 311
21 1 39 311
1 0 49 311
2 0 16 311
2 1 14 311
3 1 16 311
3 2 49 311
17 2 62 311
4 3 34 311
5 3 33 311
5 4 47 311
8 4 63 311
6 5 54 311
7 5 33 311
7 6 67 311
8 6 26 311
8 7 29 311
9 7 31 311
9 8 42 311
10 8 46 311
10 9 43 311
11 9 58 311
11 10 66 311
12 10 20 311
12 11 30 311
13 11 14 311
13 12 58 311
14 12 21 311
14 13 33 311
15 13 69 311
15 14 47 311
16 14 16 311
16 15 70 311
17 15 25 311
17 16 48 311
18 16 17 311
18 17 43 311
19 17 27 311
19 18 56 311
20 18 65 311
4 19 36 311
21 19 23 311
21 20 63 311
0 20 32 311
0 21 43 311
1 21 55 311
# Mapping
200
# Mapping pairs
21 52
21 25
21 12
21 9
21 14
20 82
21 42
21 17
20 167
20 106
20 141
20 63
20 117
20 45
20 111
20 36
19 0
19 5
19 1
19 11
19 2
19 3
20 40
19 4
19 13
19 49
19 15
19 6
21 19
19 20
19 7
19 8
18 128
20 157
18 159
18 165
18 179
18 198
21 27
17 16
17 35
17 94
21 21
21 109
17 29
17 18
17 38
17 99
17 22
17 24
17 26
17 129
16 43
16 58
16 64
16 108
16 126
17 32
16 186
15 60
17 44
15 67
15 91
15 90
21 143
15 197
15 97
15 85
20 162
16 146
15 115
16 51
15 116
15 124
14 83
20 61
16 79
14 59
16 149
16 56
14 138
17 55
16 57
14 192
13 139
13 180
15 95
13 196
15 173
14 88
19 33
20 50
15 84
13 199
20 48
14 98
12 70
12 80
15 78
15 169
12 122
11 66
11 86
16 69
11 155
17 39
11 193
10 150
10 62
9 87
8 74
7 119
9 71
16 158
7 170
6 92
6 93
13 178
6 123
7 77
6 130
12 68
17 34
5 121
17 30
13 175
4 103
16 172
4 132
4 104
14 72
13 137
4 120
10 101
4 134
6 168
20 142
11 96
4 135
4 156
8 110
4 166
13 189
4 174
19 23
21 53
12 187
20 81
4 177
3 182
11 195
11 152
16 112
12 76
8 163
5 151
2 140
1 133
16 100
1 144
18 185
20 54
13 148
2 160
13 127
6 136
17 28
16 89
15 183
16 65
1 118
18 176
21 46
4 188
11 184
15 114
0 190
0 161
3 147
21 37
3 131
21 105
4 194
0 171
20 73
21 10
15 75
2 153
6 102
17 31
2 107
6 181
0 164
16 47
5 125
19 41
0 154
5 145
0 191
4 113
# Substrate Size
200
# Slice Type
2
#Virtual Graph
# noVertices
28
# noArcs
112
# Vertices: id cpu
0 242
1 300
2 272
3 352
4 436
5 406
6 298
7 242
8 250
9 390
10 262
11 352
12 316
13 194
14 176
15 150
16 194
17 378
18 292
19 268
20 378
21 424
22 290
23 168
24 282
25 326
26 390
27 330
# Arcs: idS idT bandwidth delay
0 1 34 311
0 2 20 311
1 15 22 311
1 3 48 311
2 3 43 311
2 4 47 311
3 4 37 311
3 5 10 311
4 5 51 311
4 6 48 311
5 21 66 311
5 7 50 311
6 7 49 311
6 8 32 311
7 8 12 311
7 9 49 311
8 9 70 311
8 10 19 311
9 10 43 311
9 11 70 311
10 11 31 311
10 12 13 311
11 12 55 311
11 4 16 311
12 13 34 311
12 14 61 311
13 14 25 311
13 15 46 311
14 4 16 311
14 17 10 311
15 16 10 311
15 17 13 311
16 17 18 311
16 18 19 311
17 18 39 311
17 19 36 311
18 19 16 311
18 20 32 311
19 20 45 311
19 21 11 311
20 21 67 311
20 22 18 311
21 22 69 311
21 23 52 311
22 23 49 311
22 24 34 311
23 24 16 311
23 26 17 311
24 25 32 311
24 26 31 311
25 26 51 311
25 27 58 311
26 27 18 311
26 0 37 311
27 0 37 311
27 1 49 311
1 0 53 311
2 0 46 311
15 1 28 311
3 1 67 311
3 2 62 311
4 2 50 311
4 3 40 311
5 3 37 311
5 4 50 311
6 4 68 311
21 5 23 311
7 5 35 311
7 6 25 311
8 6 23 311
8 7 13 311
9 7 33 311
9 8 49 311
10 8 47 311
10 9 40 311
11 9 61 311
11 10 44 311
12 10 28 311
12 11 35 311
4 11 14 311
13 12 26 311
14 12 38 311
14 13 24 311
15 13 24 311
4 14 15 311
17 14 12 311
16 15 60 311
17 15 69 311
17 16 33 311
18 16 66 311
18 17 32 311
19 17 62 311
19 18 16 311
20 18 49 311
20 19 55 311
21 19 50 311
21 20 18 311
22 20 39 311
22 21 23 311
23 21 19 311
23 22 32 311
24 22 13 311
24 23 65 311
26 23 28 311
25 24 54 311
26 24 65 311
26 25 47 311
27 25 26 311
27 26 53 311
0 26 24 311
0 27 43 311
1 27 27 311
# Mapping
200
# Mapping pairs
27 27
27 46
27 21
27 105
26 33
26 15
25 124
25 116
25 183
25 97
27 12
25 85
25 90
24 36
24 40
24 111
24 54
23 129
23 30
23 39
23 32
22 146
22 126
22 149
24 50
22 108
23 26
27 14
22 100
22 89
21 143
21 19
24 61
21 52
21 25
20 82
21 42
21 17
24 45
20 167
23 28
20 162
20 106
20 141
20 63
19 0
19 1
19 11
19 2
19 3
19 4
18 165
17 35
17 94
21 109
22 112
25 114
26 49
17 29
17 18
17 38
26 41
17 99
17 22
16 43
16 64
16 51
16 58
15 60
15 197
15 67
14 83
26 8
16 79
14 59
23 24
17 55
16 56
14 138
16 57
14 192
13 139
26 7
13 180
17 16
15 95
13 196
15 173
14 88
15 84
13 199
20 48
14 98
12 70
12 80
15 78
15 169
12 122
11 66
11 86
16 69
11 155
11 193
18 128
20 157
10 150
10 62
9 87
8 74
7 119
9 71
25 115
7 170
18 159
6 92
6 93
13 178
6 123
7 77
6 130
17 34
12 68
22 158
5 121
13 175
4 103
4 132
4 104
14 72
13 137
4 120
10 101
4 134
6 168
20 142
11 96
18 179
4 135
23 31
4 156
8 110
4 166
19 23
13 189
4 174
21 53
24 73
19 13
26 6
27 10
12 187
20 81
4 177
19 5
22 186
3 182
11 195
11 152
12 76
8 163
22 172
24 117
5 151
2 140
26 20
1 133
23 44
18 185
1 144
13 148
2 160
13 127
6 136
18 176
16 65
1 118
4 188
11 184
0 190
0 161
3 147
21 37
25 91
3 131
4 194
0 171
15 75
2 153
6 102
2 107
6 181
18 198
0 164
16 47
5 125
27 9
0 154
5 145
0 191
4 113
# Substrate Size
200
# Slice Type
2
#Virtual Graph
# noVertices
17
# noArcs
68
# Vertices: id cpu
0 386
1 334
2 416
3 314
4 296
5 108
6 310
7 338
8 302
9 476
10 364
11 160
12 422
13 416
14 402
15 296
16 344
# Arcs: idS idT bandwidth delay
0 1 33 311
0 2 56 311
1 2 28 311
1 12 20 311
2 3 49 311
2 4 43 311
3 4 30 311
3 5 63 311
4 9 37 311
4 6 42 311
5 6 29 311
5 7 13 311
6 7 48 311
6 8 18 311
7 8 67 311
7 9 28 311
8 9 30 311
8 10 10 311
9 10 64 311
9 11 19 311
10 1 54 311
10 12 39 311
11 12 12 311
11 13 21 311
12 13 36 311
12 14 25 311
13 14 52 311
13 15 55 311
14 15 58 311
14 16 67 311
15 16 31 311
15 0 35 311
16 0 39 311
16 1 65 311
1 0 40 311
2 0 56 311
2 1 60 311
12 1 63 311
3 2 64 311
4 2 36 311
4 3 33 311
5 3 12 311
9 4 63 311
6 4 62 311
6 5 27 311
7 5 46 311
7 6 28 311
8 6 49 311
8 7 62 311
9 7 39 311
9 8 53 311
10 8 19 311
10 9 70 311
11 9 47 311
1 10 27 311
12 10 69 311
12 11 18 311
13 11 66 311
13 12 35 311
14 12 34 311
14 13 42 311
15 13 54 311
15 14 28 311
16 14 29 311
16 15 39 311
0 15 58 311
0 16 46 311
1 16 52 311
# Mapping
152
# Mapping pairs
16 5
16 1
16 11
16 13
16 15
16 41
16 20
16 33
16 14
16 9
16 8
16 27
16 10
16 17
16 25
16 37
16 42
16 105
16 109
16 4
15 43
16 0
15 56
15 51
15 58
15 158
15 172
16 53
15 149
16 21
15 79
15 108
15 64
15 186
14 197
14 95
14 78
14 84
14 183
16 52
14 116
13 59
14 91
13 98
15 69
14 75
13 138
16 6
12 127
14 60
13 83
12 148
14 114
12 139
15 89
14 173
13 88
12 189
16 46
14 67
12 180
12 199
11 76
11 80
16 19
15 47
11 68
14 169
11 187
14 97
10 86
15 65
10 152
10 96
16 2
10 155
9 62
16 7
16 23
9 150
8 87
8 71
7 110
7 163
13 72
6 92
6 93
14 115
6 123
10 195
6 130
5 121
15 146
11 70
4 103
4 132
16 143
4 104
4 120
4 134
6 168
4 135
16 3
10 66
4 156
12 196
4 166
7 74
15 126
14 124
4 174
4 177
3 182
5 151
2 140
1 133
15 57
13 192
12 137
1 144
14 85
2 160
10 193
6 136
14 90
1 118
4 188
0 190
0 161
16 49
3 147
12 175
3 131
4 194
0 171
2 153
6 102
9 101
16 12
12 178
2 107
6 181
10 184
15 100
0 164
15 112
5 125
11 122
0 154
5 145
0 191
4 113
# Substrate Size
200
# Slice Type
2
#Virtual Graph
# noVertices
13
# noArcs
52
# Vertices: id cpu
0 178
1 342
2 386
3 292
4 302
5 408
6 292
7 260
8 340
9 250
10 306
11 340
12 348
# Arcs: idS idT bandwidth delay
0 1 12 311
0 2 35 311
1 2 70 311
1 3 49 311
2 3 49 311
2 4 57 311
3 4 52 311
3 5 20 311
4 5 47 311
4 6 56 311
5 6 49 311
5 10 39 311
6 7 41 311
6 8 18 311
7 8 25 311
7 9 44 311
8 9 15 311
8 10 63 311
9 10 22 311
9 11 32 311
10 11 23 311
10 12 10 311
11 12 66 311
11 0 67 311
12 0 21 311
12 1 24 311
1 0 18 311
2 0 44 311
2 1 43 311
3 1 61 311
3 2 13 311
4 2 37 311
4 3 11 311
5 3 55 311
5 4 61 311
6 4 37 311
6 5 50 311
10 5 48 311
7 6 61 311
8 6 23 311
8 7 69 311
9 7 42 311
9 8 29 311
10 8 13 311
10 9 59 311
11 9 14 311
11 10 23 311
12 10 60 311
12 11 69 311
0 11 14 311
0 12 28 311
1 12 34 311
# Mapping
117
# Mapping pairs
12 5
12 2
12 3
12 49
12 41
12 6
12 20
12 33
12 7
12 1
12 14
12 27
12 10
12 11
12 46
12 17
12 53
12 4
12 21
12 25
12 8
12 105
12 143
12 12
11 128
11 159
11 165
11 198
10 60
10 197
10 169
12 42
10 78
10 91
11 179
10 85
10 90
10 67
10 97
10 84
10 114
10 183
11 176
10 116
10 124
9 127
9 139
9 178
9 196
12 0
8 70
12 19
10 115
9 180
8 80
7 150
7 101
6 87
12 109
5 77
10 75
12 15
5 170
8 187
10 95
4 102
6 71
4 130
4 168
11 185
4 181
3 103
12 9
12 23
9 189
9 199
12 13
3 132
9 175
3 135
5 119
3 166
3 104
4 93
3 156
4 136
7 62
3 177
3 188
4 123
9 137
2 140
9 148
1 133
3 174
2 160
1 144
1 118
12 37
8 76
2 153
2 107
8 122
0 164
3 194
0 171
4 92
3 113
0 161
0 190
8 68
3 134
0 154
3 120
10 173
0 191
12 52
# Substrate Size
200
# Slice Type
2
#Virtual Graph
# noVertices
26
# noArcs
104
# Vertices: id cpu
0 324
1 298
2 322
3 222
4 268
5 374
6 218
7 192
8 440
9 320
10 302
11 428
12 246
13 302
14 308
15 282
16 234
17 204
18 280
19 430
20 290
21 388
22 392
23 138
24 198
25 316
# Arcs: idS idT bandwidth delay
0 1 50 311
0 2 21 311
1 2 55 311
1 3 16 311
2 3 54 311
2 4 12 311
3 4 26 311
3 5 35 311
4 5 69 311
4 6 27 311
5 19 44 311
5 17 19 311
6 7 52 311
6 8 45 311
7 8 47 311
7 9 12 311
8 9 36 311
8 10 16 311
9 10 54 311
9 11 20 311
10 11 38 311
10 12 16 311
11 12 59 311
11 13 70 311
12 13 15 311
12 14 49 311
13 14 36 311
13 15 44 311
14 15 30 311
14 16 52 311
15 16 39 311
15 8 40 311
16 17 35 311
16 18 36 311
17 18 32 311
17 19 14 311
18 19 55 311
18 20 21 311
19 20 45 311
19 21 35 311
20 21 57 311
20 22 34 311
21 22 70 311
21 23 21 311
22 10 61 311
22 24 54 311
23 1 31 311
23 25 14 311
24 25 44 311
24 0 35 311
25 0 35 311
25 9 41 311
1 0 61 311
2 0 47 311
2 1 48 311
3 1 31 311
3 2 19 311
4 2 22 311
4 3 16 311
5 3 58 311
5 4 66 311
6 4 12 311
19 5 61 311
17 5 40 311
7 6 37 311
8 6 58 311
8 7 53 311
9 7 32 311
9 8 41 311
10 8 30 311
10 9 44 311
11 9 48 311
11 10 37 311
12 10 21 311
12 11 38 311
13 11 25 311
13 12 46 311
14 12 37 311
14 13 35 311
15 13 26 311
15 14 36 311
16 14 12 311
16 15 34 311
8 15 57 311
17 16 16 311
18 16 12 311
18 17 52 311
19 17 62 311
19 18 12 311
20 18 18 311
20 19 36 311
21 19 69 311
21 20 34 311
22 20 36 311
22 21 45 311
23 21 24 311
10 22 23 311
24 22 20 311
1 23 17 311
25 23 22 311
25 24 60 311
0 24 56 311
0 25 35 311
9 25 13 311
# Mapping
200
# Mapping pairs
25 124
25 116
25 183
25 97
25 85
25 90
24 40
24 111
24 54
23 129
23 30
23 39
23 32
22 146
22 126
22 149
24 50
22 108
23 26
22 100
22 89
21 143
21 52
21 25
21 12
21 9
21 14
20 82
21 42
21 17
24 45
20 167
23 28
20 162
20 106
20 141
20 63
19 0
19 5
22 186
19 1
19 11
19 2
19 3
19 4
19 49
24 36
19 6
21 19
24 61
19 7
18 165
19 8
17 35
17 94
21 21
21 109
22 112
25 114
17 29
17 18
17 38
17 99
17 22
16 43
16 64
16 51
16 58
15 60
15 197
15 67
14 83
16 79
14 59
23 24
17 55
16 56
14 138
16 57
14 192
13 139
13 180
17 16
15 95
13 196
19 33
15 173
14 88
15 84
13 199
20 48
14 98
12 70
12 80
15 78
15 169
12 122
11 66
11 86
16 69
11 155
11 193
18 128
20 157
10 150
10 62
9 87
8 74
7 119
9 71
25 115
7 170
18 159
6 92
6 93
13 178
6 123
7 77
6 130
17 34
12 68
22 158
19 15
5 121
13 175
4 103
4 132
4 104
14 72
13 137
4 120
10 101
4 134
6 168
20 142
11 96
18 179
4 135
23 31
4 156
8 110
19 20
4 166
19 13
13 189
4 174
19 23
21 53
24 73
12 187
20 81
4 177
3 182
11 195
11 152
12 76
8 163
22 172
24 117
5 151
2 140
1 133
23 44
18 185
1 144
13 148
2 160
13 127
6 136
18 176
16 65
1 118
21 46
4 188
11 184
0 190
0 161
3 147
21 37
25 91
3 131
21 105
4 194
0 171
21 10
15 75
2 153
6 102
2 107
6 181
18 198
21 27
0 164
19 41
16 47
5 125
0 154
5 145
0 191
4 113
# Substrate Size
200
# Slice Type
2
#Virtual Graph
# noVertices
11
# noArcs
44
# Vertices: id cpu
0 254
1 380
2 246
3 256
4 342
5 314
6 390
7 336
8 214
9 406
10 494
# Arcs: idS idT bandwidth delay
0 1 48 311
0 2 32 311
1 2 53 311
1 6 49 311
2 3 21 311
2 4 42 311
3 4 59 311
3 5 15 311
4 5 66 311
4 6 12 311
5 6 34 311
5 7 18 311
6 7 54 311
6 8 45 311
7 2 31 311
7 9 43 311
8 9 25 311
8 10 50 311
9 10 58 311
9 0 30 311
10 0 64 311
10 1 64 311
1 0 35 311
2 0 24 311
2 1 18 311
6 1 50 311
3 2 54 311
4 2 39 311
4 3 54 311
5 3 51 311
5 4 54 311
6 4 17 311
6 5 29 311
7 5 37 311
7 6 57 311
8 6 32 311
2 7 18 311
9 7 54 311
9 8 61 311
10 8 63 311
10 9 56 311
0 9 30 311
0 10 17 311
1 10 53 311
# Mapping
126
# Mapping pairs
10 0
10 5
10 23
10 4
10 13
10 15
10 20
10 33
10 7
10 14
10 12
10 17
10 25
10 105
10 42
10 52
10 109
10 143
9 79
9 51
9 57
9 58
9 89
10 21
9 186
8 67
10 27
8 197
10 19
10 11
8 173
9 108
8 75
8 169
8 84
10 41
8 78
8 85
8 115
8 90
8 116
7 83
9 43
7 59
10 53
7 98
10 8
8 183
7 72
10 10
7 138
9 149
7 192
10 1
6 148
6 139
6 175
9 65
10 2
8 114
6 189
9 47
6 180
9 56
6 196
5 76
9 64
6 199
5 80
5 187
8 95
4 195
9 172
9 100
4 193
3 119
3 170
10 49
7 88
2 121
4 86
8 91
4 96
10 9
2 151
10 46
2 145
9 126
5 68
3 77
5 122
1 156
6 178
1 104
2 125
8 97
4 184
1 113
10 37
6 127
1 120
9 146
1 166
9 158
9 112
6 137
4 66
1 177
9 69
10 6
1 135
5 70
1 194
4 152
8 60
10 3
0 131
1 134
1 174
0 182
1 132
1 188
0 147
4 155
8 124
1 103
# Substrate Size
200
# Slice Type
2
#Virtual Graph
# noVertices
8
# noArcs
32
# Vertices: id cpu
0 354
1 266
2 458
3 292
4 152
5 152
6 492
7 244
# Arcs: idS idT bandwidth delay
0 1 30 311
0 2 19 311
1 2 46 311
1 3 30 311
2 3 39 311
2 6 67 311
3 4 48 311
3 6 34 311
4 0 11 311
4 6 24 311
5 6 50 311
5 7 26 311
6 7 50 311
6 0 61 311
7 0 45 311
7 1 14 311
1 0 19 311
2 0 58 311
2 1 65 311
3 1 34 311
3 2 30 311
6 2 13 311
4 3 41 311
6 3 47 311
0 4 31 311
6 4 15 311
6 5 60 311
7 5 28 311
7 6 35 311
0 6 42 311
0 7 55 311
1 7 38 311
# Mapping
62
# Mapping pairs
7 159
7 179
6 83
6 88
6 138
6 192
5 127
5 137
6 72
5 139
5 175
6 59
5 196
4 96
4 184
3 130
4 193
2 132
2 104
3 168
2 120
4 155
7 165
2 135
4 86
3 93
2 166
5 148
3 136
2 188
4 152
7 198
2 103
3 123
5 178
2 134
7 128
1 131
5 189
2 113
1 182
4 195
2 174
1 147
3 92
2 156
0 190
0 161
5 199
2 177
5 180
6 98
0 171
4 66
3 181
0 164
7 185
7 176
3 102
0 154
2 194
0 191
# Substrate Size
200
# Slice Type
2
#Virtual Graph
# noVertices
10
# noArcs
38
# Vertices: id cpu
0 284
1 284
2 400
3 162
4 168
5 324
6 168
7 376
8 434
9 462
# Arcs: idS idT bandwidth delay
0 1 23 311
0 2 33 311
1 2 17 311
1 3 53 311
2 9 61 311
2 5 37 311
3 4 22 311
3 5 12 311
4 7 34 311
5 8 22 311
5 7 22 311
6 3 22 311
6 8 62 311
7 8 52 311
7 9 59 311
8 9 24 311
8 0 39 311
9 0 49 311
9 1 33 311
1 0 61 311
2 0 64 311
2 1 38 311
3 1 18 311
9 2 24 311
5 2 58 311
4 3 50 311
5 3 60 311
7 4 43 311
8 5 65 311
7 5 34 311
3 6 29 311
8 6 19 311
8 7 70 311
9 7 66 311
9 8 59 311
0 8 67 311
0 9 19 311
1 9 11 311
# Mapping
109
# Mapping pairs
9 55
9 16
9 35
9 94
9 38
9 99
9 32
9 31
9 40
9 63
9 54
9 61
9 73
9 81
9 82
9 26
9 141
9 157
9 162
9 36
9 167
8 43
9 29
8 79
9 18
8 56
8 64
8 57
8 58
8 47
8 65
8 69
8 89
9 24
8 100
8 149
8 126
8 146
8 186
7 60
7 95
7 173
7 91
8 112
7 90
7 114
7 115
7 169
9 39
7 116
8 51
7 124
7 183
6 70
6 187
9 28
5 66
5 86
7 67
5 155
6 122
9 34
5 193
7 197
4 110
7 84
4 74
9 22
7 97
3 77
9 142
9 129
3 170
2 140
7 85
1 133
2 160
1 144
8 158
9 106
9 44
1 118
8 172
2 153
2 107
9 30
6 68
9 111
0 164
9 50
9 48
5 184
5 152
7 78
3 119
0 171
9 117
0 161
0 190
6 76
8 108
7 75
0 154
9 45
0 191
6 80
4 163
5 96
5 195
# Substrate Size
200
# Slice Type
2
#Virtual Graph
# noVertices
17
# noArcs
66
# Vertices: id cpu
0 404
1 354
2 216
3 222
4 426
5 418
6 258
7 410
8 266
9 404
10 412
11 424
12 408
13 278
14 224
15 234
16 338
# Arcs: idS idT bandwidth delay
0 1 25 311
0 2 22 311
1 2 56 311
1 3 43 311
2 13 17 311
2 4 30 311
3 4 23 311
3 5 26 311
4 5 46 311
4 6 60 311
5 6 66 311
5 7 52 311
6 7 14 311
6 8 52 311
7 0 12 311
7 9 66 311
8 9 31 311
8 10 12 311
9 10 64 311
9 11 47 311
10 11 52 311
10 12 64 311
11 12 62 311
11 13 56 311
12 8 63 311
12 14 49 311
13 2 67 311
13 15 32 311
14 15 69 311
14 0 14 311
15 16 32 311
15 0 21 311
16 0 69 311
16 1 50 311
1 0 12 311
2 0 32 311
2 1 29 311
3 1 62 311
4 2 59 311
4 3 48 311
5 3 42 311
5 4 49 311
6 4 29 311
6 5 34 311
7 5 68 311
7 6 59 311
8 6 50 311
0 7 31 311
9 7 66 311
9 8 25 311
10 8 34 311
10 9 56 311
11 9 68 311
11 10 26 311
12 10 28 311
12 11 64 311
13 11 40 311
8 12 40 311
14 12 29 311
15 13 21 311
15 14 43 311
0 14 20 311
16 15 50 311
0 15 41 311
0 16 63 311
1 16 66 311
# Mapping
156
# Mapping pairs
16 5
16 1
16 11
16 2
16 13
16 15
16 41
16 20
16 33
16 14
16 10
16 46
16 17
16 25
16 37
16 105
16 109
16 4
15 185
15 198
14 43
14 64
14 65
14 100
15 179
14 158
14 112
16 27
14 149
16 6
14 79
14 126
13 197
13 67
14 146
16 7
16 23
13 84
16 9
16 8
13 169
13 85
15 128
14 186
13 91
13 116
13 124
12 59
12 138
12 88
11 148
16 0
12 72
11 137
11 139
11 175
11 178
11 199
10 76
13 115
10 80
10 68
11 127
10 187
11 196
14 58
9 66
9 86
15 165
9 155
9 184
9 193
8 62
16 53
7 110
8 101
6 77
16 19
6 119
6 170
14 56
5 92
5 93
13 78
5 102
8 150
16 21
5 123
16 42
5 136
7 163
16 52
5 130
5 181
12 83
9 195
4 103
4 132
11 180
16 143
4 104
14 51
13 114
4 120
15 176
14 89
4 134
5 168
13 183
4 135
16 3
4 156
4 166
7 74
4 174
13 97
4 177
13 95
3 182
9 152
2 140
1 133
1 144
10 70
2 160
12 192
9 96
1 118
4 188
12 98
3 147
0 190
0 161
16 49
14 69
3 131
10 122
14 57
14 108
13 173
4 194
0 171
13 75
2 153
16 12
15 159
11 189
2 107
13 60
0 164
14 172
0 154
14 47
0 191
13 90
4 113
# Substrate Size
200
# Slice Type
2
#Virtual Graph
# noVertices
21
# noArcs
84
# Vertices: id cpu
0 368
1 374
2 322
3 238
4 392
5 396
6 290
7 412
8 328
9 302
10 444
11 402
12 242
13 414
14 344
15 248
16 284
17 326
18 278
19 264
20 252
# Arcs: idS idT bandwidth delay
0 1 38 311
0 2 47 311
1 2 54 311
1 3 57 311
2 12 43 311
2 4 24 311
3 4 42 311
3 5 33 311
4 5 51 311
4 6 13 311
5 6 49 311
5 7 55 311
6 7 43 311
6 8 32 311
7 8 62 311
7 9 53 311
8 9 29 311
8 10 66 311
9 10 66 311
9 11 51 311
10 11 64 311
10 12 44 311
11 12 12 311
11 13 55 311
12 13 29 311
12 14 20 311
13 14 50 311
13 15 55 311
14 15 54 311
14 16 30 311
15 16 37 311
15 17 16 311
16 17 61 311
16 18 10 311
17 5 66 311
17 19 35 311
18 19 66 311
18 20 35 311
19 20 12 311
19 0 55 311
20 0 15 311
20 1 18 311
1 0 31 311
2 0 25 311
2 1 69 311
3 1 44 311
12 2 18 311
4 2 65 311
4 3 67 311
5 3 19 311
5 4 18 311
6 4 27 311
6 5 43 311
7 5 34 311
7 6 57 311
8 6 19 311
8 7 50 311
9 7 10 311
9 8 24 311
10 8 59 311
10 9 55 311
11 9 64 311
11 10 70 311
12 10 37 311
12 11 17 311
13 11 33 311
13 12 69 311
14 12 28 311
14 13 60 311
15 13 16 311
15 14 55 311
16 14 50 311
16 15 21 311
17 15 40 311
17 16 22 311
18 16 38 311
5 17 57 311
19 17 38 311
19 18 27 311
20 18 59 311
20 19 34 311
0 19 34 311
0 20 65 311
1 20 45 311
# Mapping
200
# Mapping pairs
20 82
20 167
20 106
20 63
20 117
20 45
20 111
20 36
19 0
19 5
19 1
19 11
19 2
19 4
19 13
19 49
19 15
19 6
19 20
19 8
19 9
19 12
19 46
19 17
20 141
19 21
19 25
19 7
19 105
19 3
20 40
19 42
19 52
19 143
18 128
20 157
18 159
18 165
18 179
19 109
18 198
17 16
17 35
17 94
17 29
17 18
19 53
17 38
19 19
17 99
17 22
17 24
17 26
17 129
16 43
16 58
16 64
16 108
16 126
17 32
16 186
15 60
17 44
15 67
15 91
15 90
15 197
15 97
15 85
20 162
16 146
15 115
16 51
15 116
15 124
14 83
19 37
20 61
16 79
14 59
16 149
16 56
14 138
17 55
16 57
14 192
13 139
13 180
15 95
13 196
15 173
14 88
19 33
20 50
15 84
13 199
20 48
14 98
12 70
12 80
15 78
15 169
12 122
11 66
19 27
11 86
16 69
11 155
17 39
11 193
10 150
10 62
9 87
8 74
7 119
9 71
16 158
7 170
6 92
6 93
13 178
6 123
7 77
6 130
12 68
17 34
5 121
17 30
13 175
4 103
16 172
4 132
4 104
14 72
13 137
4 120
10 101
4 134
6 168
20 142
11 96
4 135
4 156
8 110
4 166
13 189
4 174
19 23
12 187
20 81
4 177
3 182
11 195
11 152
16 112
12 76
8 163
5 151
2 140
1 133
19 14
16 100
1 144
18 185
20 54
13 148
2 160
13 127
6 136
17 28
16 89
15 183
16 65
1 118
18 176
4 188
11 184
15 114
0 190
0 161
3 147
3 131
4 194
0 171
20 73
15 75
2 153
6 102
17 31
2 107
6 181
0 164
16 47
5 125
19 10
19 41
0 154
5 145
0 191
4 113
# Substrate Size
200
# Slice Type
2
#Virtual Graph
# noVertices
9
# noArcs
36
# Vertices: id cpu
0 147
1 114
2 129
3 105
4 60
5 99
6 120
7 186
8 123
# Arcs: idS idT bandwidth delay
0 1 18 196
0 2 20 184
1 2 10 121
1 3 7 170
2 3 13 152
2 6 9 154
3 4 19 137
3 5 3 219
4 5 13 163
4 6 3 94
5 6 4 222
5 7 4 268
6 7 13 196
6 8 6 167
7 8 20 207
7 0 17 207
8 3 11 187
8 1 3 209
1 0 13 212
2 0 2 194
2 1 19 168
3 1 3 166
3 2 3 154
6 2 12 154
4 3 4 92
5 3 12 220
5 4 13 196
6 4 6 137
6 5 3 219
7 5 18 236
7 6 7 167
8 6 7 189
8 7 20 239
0 7 11 226
3 8 7 167
1 8 8 212
# Mapping
106
# Mapping pairs
8 176
8 185
8 198
7 35
7 55
7 29
7 94
7 38
7 18
7 99
7 22
7 24
7 129
7 26
7 111
7 50
7 61
7 40
8 128
7 73
7 81
7 82
7 142
7 157
7 167
6 47
7 63
6 79
7 48
7 31
6 65
7 45
8 165
6 69
7 39
6 149
8 159
6 146
5 197
6 108
5 173
5 78
5 84
5 169
6 186
5 85
7 44
6 100
5 91
5 95
5 90
6 51
5 114
8 179
5 183
5 116
5 124
4 87
7 117
7 32
3 110
3 74
3 163
5 115
6 43
2 92
6 56
7 106
7 54
7 36
5 75
2 93
7 141
2 123
7 162
6 58
7 16
2 130
2 181
1 140
2 102
1 160
6 172
1 107
0 164
5 97
6 89
6 158
6 112
1 153
6 64
0 171
7 28
6 126
5 60
2 136
5 67
0 161
0 190
7 34
0 191
7 30
6 57
2 168
0 154
4 71
# Substrate Size
200
# Slice Type
3
#Virtual Graph
# noVertices
5
# noArcs
10
# Vertices: id cpu
0 162
1 42
2 72
3 75
4 9
# Arcs: idS idT bandwidth delay
0 1 15 108
1 2 11 212
2 3 4 152
3 0 7 167
4 0 3 229
1 0 3 177
2 1 20 153
3 2 18 154
0 3 20 155
0 4 19 197
# Mapping
28
# Mapping pairs
4 159
4 165
4 179
4 185
3 110
3 163
2 92
4 176
2 93
2 102
2 181
2 130
1 121
1 151
3 74
2 123
1 125
2 136
0 161
0 190
4 128
0 171
1 145
0 164
4 198
2 168
0 191
0 154
# Substrate Size
200
# Slice Type
3
#Virtual Graph
# noVertices
6
# noArcs
24
# Vertices: id cpu
0 126
1 108
2 102
3 114
4 150
5 165
# Arcs: idS idT bandwidth delay
0 1 7 108
0 3 5 167
1 2 5 212
1 3 6 195
2 5 7 185
2 4 11 114
3 4 19 84
3 5 2 125
4 5 9 170
4 0 19 179
5 0 4 194
5 1 13 153
1 0 14 177
3 0 5 134
2 1 16 153
3 1 12 93
5 2 10 158
4 2 16 108
4 3 6 126
5 3 13 141
5 4 15 144
0 4 18 170
0 5 12 211
1 5 11 239
# Mapping
34
# Mapping pairs
5 76
5 80
5 122
5 68
4 86
4 96
4 152
4 195
3 71
5 70
3 87
5 187
2 92
2 93
2 102
2 181
4 184
2 130
1 121
1 151
4 155
2 123
1 125
4 193
2 136
0 190
0 161
4 66
0 171
0 164
1 145
0 191
2 168
0 154
# Substrate Size
200
# Slice Type
3
#Virtual Graph
# noVertices
15
# noArcs
60
# Vertices: id cpu
0 126
1 198
2 99
3 159
4 135
5 111
6 165
7 108
8 126
9 120
10 201
11 120
12 198
13 96
14 135
# Arcs: idS idT bandwidth delay
0 1 4 147
0 12 6 176
1 2 19 190
1 3 19 250
2 3 18 235
2 4 12 131
3 4 16 235
3 5 3 263
4 5 13 212
4 6 5 183
5 6 10 86
5 9 10 185
6 7 20 100
6 8 15 78
7 8 20 84
7 14 13 146
8 3 13 217
8 10 5 171
9 10 12 186
9 11 11 159
10 11 11 194
10 12 20 235
11 12 4 228
11 13 20 199
12 13 14 207
12 14 17 199
13 14 18 245
13 0 8 217
14 0 15 238
14 1 6 226
1 0 17 200
12 0 18 195
2 1 3 196
3 1 20 275
3 2 7 254
4 2 7 178
4 3 20 263
5 3 11 232
5 4 6 153
6 4 17 112
6 5 3 77
9 5 17 158
7 6 3 69
8 6 16 79
8 7 8 126
14 7 11 197
3 8 7 249
10 8 20 179
10 9 16 220
11 9 5 213
11 10 11 214
12 10 5 199
12 11 12 172
13 11 4 194
13 12 2 239
14 12 11 213
14 13 2 250
0 13 13 148
0 14 19 183
1 14 11 224
# Mapping
150
# Mapping pairs
14 1
14 23
14 3
14 4
14 6
14 7
14 9
14 10
14 12
14 46
14 17
14 21
14 25
14 105
14 20
14 52
14 143
13 128
13 165
13 176
14 0
13 179
14 13
13 185
14 53
13 198
12 55
12 29
12 34
12 22
12 39
12 31
14 109
12 24
12 26
12 44
12 45
12 63
12 61
12 73
12 106
14 14
12 157
14 27
11 59
12 18
11 83
12 35
11 98
12 117
11 138
12 129
11 192
14 2
10 127
10 175
10 178
12 54
10 189
12 40
10 196
9 68
9 122
8 66
12 94
8 96
14 8
12 82
11 88
8 152
10 139
8 155
10 199
8 193
12 162
8 195
8 86
14 19
7 87
6 77
6 170
9 70
12 36
6 119
12 81
5 102
7 71
14 15
12 48
5 123
5 168
5 181
9 76
14 42
5 130
4 121
12 142
4 145
12 141
14 11
10 148
13 159
11 72
5 136
3 103
3 132
12 16
3 113
3 134
12 38
3 120
4 151
3 135
10 137
3 174
12 28
3 156
3 177
2 131
2 182
12 30
5 93
14 33
4 125
3 188
1 140
2 147
5 92
3 104
3 166
14 5
1 153
12 32
3 194
14 49
9 80
1 160
14 37
12 99
9 187
12 167
1 107
8 184
14 41
0 133
12 111
0 118
10 180
12 50
0 144
# Substrate Size
200
# Slice Type
3
#Virtual Graph
# noVertices
7
# noArcs
28
# Vertices: id cpu
0 87
1 150
2 156
3 132
4 201
5 156
6 102
# Arcs: idS idT bandwidth delay
0 1 7 196
0 2 8 150
1 4 7 104
1 3 19 121
2 3 8 184
2 4 14 155
3 4 2 86
3 5 12 114
4 5 11 78
4 6 14 144
5 6 19 170
5 0 6 179
6 2 12 172
6 1 2 170
1 0 12 212
2 0 20 172
4 1 14 127
3 1 14 168
3 2 16 172
4 2 19 131
4 3 9 77
5 3 16 108
5 4 11 79
6 4 2 129
6 5 18 144
0 5 14 170
2 6 10 211
1 6 12 203
# Mapping
38
# Mapping pairs
6 70
6 187
5 66
5 155
6 122
5 193
4 77
4 119
4 170
3 93
3 130
3 168
2 131
3 136
2 147
1 140
5 86
1 107
3 123
1 160
3 92
0 190
0 161
6 76
5 152
5 184
1 153
0 171
0 164
3 181
6 68
5 96
5 195
2 182
0 191
6 80
3 102
0 154
# Substrate Size
200
# Slice Type
3
#Virtual Graph
# noVertices
29
# noArcs
116
# Vertices: id cpu
0 36
1 147
2 159
3 123
4 138
5 141
6 138
7 150
8 159
9 213
10 132
11 15
12 111
13 90
14 171
15 180
16 150
17 189
18 171
19 165
20 102
21 102
22 90
23 171
24 81
25 111
26 153
27 162
28 132
# Arcs: idS idT bandwidth delay
0 1 5 181
0 9 7 167
1 2 13 147
1 3 14 126
2 3 20 190
2 17 18 212
3 4 3 185
3 5 19 131
4 5 18 170
4 6 18 198
5 6 19 212
5 7 7 183
6 7 13 86
6 8 8 152
7 8 12 111
7 9 20 100
8 9 8 137
8 10 14 148
9 10 12 105
9 6 9 98
10 16 3 121
10 12 13 200
11 12 2 170
11 13 3 171
12 21 5 169
12 14 20 159
13 14 6 194
13 15 16 220
14 15 17 251
14 16 17 134
15 16 17 194
15 17 17 262
16 17 18 158
16 18 10 135
17 18 12 180
17 19 6 120
18 19 15 193
18 20 14 239
19 20 10 151
19 21 15 133
20 21 4 182
20 22 15 167
21 22 3 202
21 23 13 197
22 23 5 188
22 24 8 185
23 24 17 96
23 25 15 197
24 25 8 216
24 26 6 167
25 26 8 241
25 27 4 266
26 27 7 178
26 28 18 271
27 28 14 288
27 19 20 160
28 16 18 211
28 1 4 264
1 0 4 148
9 0 18 134
2 1 15 200
3 1 9 171
3 2 10 196
17 2 17 156
4 3 10 189
5 3 12 178
5 4 9 213
6 4 12 182
6 5 8 153
7 5 11 112
7 6 7 77
8 6 19 154
8 7 12 125
9 7 17 69
9 8 15 92
10 8 14 144
10 9 14 120
6 9 5 141
16 10 7 116
12 10 3 175
12 11 9 144
13 11 8 179
21 12 7 190
14 12 10 213
14 13 13 214
15 13 19 216
15 14 7 227
16 14 3 99
16 15 8 187
17 15 13 209
17 16 15 112
18 16 12 161
18 17 16 233
19 17 8 145
19 18 5 188
20 18 8 207
20 19 7 147
21 19 2 152
21 20 9 205
22 20 10 196
22 21 7 185
23 21 5 156
23 22 20 141
24 22 10 160
24 23 3 118
25 23 11 252
25 24 14 249
26 24 20 185
26 25 6 249
27 25 11 266
27 26 9 187
28 26 16 286
28 27 6 311
19 27 17 150
16 28 4 173
1 28 18 186
# Mapping
200
# Mapping pairs
28 135
27 27
27 46
27 21
27 105
26 33
26 15
25 124
25 116
25 183
25 97
27 12
25 85
25 90
24 36
24 40
24 111
24 54
23 129
23 31
23 30
23 39
23 32
22 146
22 126
22 149
24 50
22 108
23 26
27 14
22 100
22 89
21 143
21 19
24 61
21 52
21 25
20 82
21 42
21 17
24 45
20 167
23 28
20 162
20 63
28 166
19 0
19 1
19 11
20 141
19 2
19 3
28 177
19 4
18 165
18 179
17 35
17 94
21 109
22 112
25 114
26 49
17 29
17 18
17 38
26 41
17 99
17 22
16 43
16 64
16 51
16 58
15 60
15 197
15 67
14 83
26 8
16 79
14 59
23 24
17 55
16 56
14 138
16 57
14 192
28 188
13 139
26 7
19 23
13 189
21 53
24 73
19 13
26 6
27 10
13 180
17 16
15 95
13 196
15 173
14 88
15 84
13 199
20 48
12 80
15 78
15 169
12 122
20 81
12 187
20 106
11 66
11 86
28 194
16 69
11 155
11 193
20 157
18 128
10 150
10 62
9 87
8 74
7 119
9 71
25 115
7 170
18 159
6 92
6 93
13 178
6 123
17 34
12 68
22 158
5 121
13 175
4 103
4 132
4 156
8 110
4 104
14 72
13 137
4 120
10 101
20 142
6 168
4 134
11 96
19 5
22 186
3 182
11 195
11 152
8 163
22 172
24 117
12 76
5 151
2 140
26 20
1 133
23 44
18 176
16 65
1 118
13 127
6 136
18 185
1 144
13 148
2 160
11 184
0 190
0 161
3 147
21 37
25 91
3 131
0 171
15 75
2 153
6 102
2 107
18 198
0 164
6 181
28 174
16 47
5 125
27 9
14 98
12 70
0 154
7 77
6 130
5 145
0 191
4 113
# Substrate Size
200
# Slice Type
3
#Virtual Graph
# noVertices
20
# noArcs
80
# Vertices: id cpu
0 72
1 165
2 174
3 117
4 174
5 138
6 150
7 141
8 153
9 138
10 189
11 138
12 135
13 78
14 60
15 114
16 126
17 180
18 213
19 171
# Arcs: idS idT bandwidth delay
0 1 4 181
0 2 18 196
1 2 18 147
1 3 17 126
2 3 14 190
2 18 16 212
3 4 17 235
3 5 9 131
4 5 11 235
4 6 16 263
5 6 19 212
5 7 5 183
6 7 3 86
6 8 20 152
7 8 16 111
7 9 8 100
8 9 9 137
8 10 14 148
9 10 13 105
9 11 8 84
10 11 13 159
10 12 3 200
11 12 18 170
11 13 6 171
12 13 15 186
12 14 12 159
13 14 7 194
13 10 10 200
14 15 3 251
14 16 3 172
15 16 9 222
15 17 17 268
16 17 5 196
16 18 10 167
17 18 13 207
17 19 14 199
18 19 7 245
18 0 14 229
19 4 11 288
19 1 16 238
1 0 16 148
2 0 11 212
2 1 17 200
3 1 9 171
3 2 4 196
18 2 20 209
4 3 14 254
5 3 7 178
5 4 15 263
6 4 13 232
6 5 14 153
7 5 11 112
7 6 12 77
8 6 14 154
8 7 14 125
9 7 19 69
9 8 6 92
10 8 18 144
10 9 11 120
11 9 18 126
11 10 4 160
12 10 2 175
12 11 16 144
13 11 6 179
13 12 3 220
14 12 2 213
14 13 12 214
10 13 18 164
15 14 12 227
16 14 12 126
16 15 15 219
17 15 14 236
17 16 19 167
18 16 18 189
18 17 12 239
19 17 15 213
19 18 15 250
0 18 2 197
4 19 17 311
1 19 4 183
# Mapping
200
# Mapping pairs
19 0
19 5
19 1
19 11
19 2
19 4
19 13
19 49
19 15
19 6
19 20
19 8
19 9
19 12
19 46
19 17
19 21
19 25
19 7
19 105
19 3
19 42
19 52
19 143
18 128
18 159
18 165
18 179
19 109
18 198
17 16
17 35
17 94
17 29
17 18
19 53
17 99
17 22
17 24
17 30
17 26
17 129
17 111
17 54
17 82
17 141
17 142
17 38
19 19
17 162
16 43
16 58
16 64
16 108
16 126
17 63
17 36
17 32
16 186
15 60
15 67
17 48
17 44
15 91
15 90
15 197
15 97
15 85
17 117
16 146
15 115
16 51
15 116
15 124
17 61
14 83
19 37
17 167
16 149
16 79
14 59
16 56
14 138
17 55
16 57
14 192
13 139
13 180
15 95
13 196
17 50
15 173
14 88
19 33
15 84
13 199
14 98
12 70
12 80
15 78
15 169
12 122
11 66
19 27
11 86
16 69
11 155
17 39
17 157
11 193
10 150
10 62
9 87
17 81
8 74
7 119
9 71
16 158
7 170
6 92
17 106
6 93
13 178
6 123
7 77
6 130
12 68
17 34
5 121
13 175
4 103
16 172
4 132
4 104
14 72
13 137
4 120
10 101
4 134
6 168
11 96
4 135
4 156
8 110
4 166
13 189
4 174
19 23
12 187
4 177
3 182
11 195
11 152
16 112
12 76
17 45
8 163
5 151
2 140
1 133
19 14
16 100
1 144
17 73
18 185
13 148
2 160
13 127
17 40
6 136
16 65
1 118
18 176
16 89
15 183
17 28
4 188
11 184
15 114
0 190
0 161
3 147
3 131
4 194
0 171
15 75
2 153
6 102
2 107
17 31
6 181
0 164
16 47
5 125
19 10
19 41
0 154
5 145
0 191
4 113
# Substrate Size
200
# Slice Type
3
#Virtual Graph
# noVertices
15
# noArcs
60
# Vertices: id cpu
0 84
1 120
2 132
3 132
4 69
5 123
6 240
7 174
8 147
9 147
10 99
11 171
12 96
13 141
14 129
# Arcs: idS idT bandwidth delay
0 1 10 181
0 2 12 150
1 2 10 126
1 3 7 186
2 3 6 235
2 13 6 197
3 4 8 235
3 7 20 221
4 5 10 212
4 6 7 183
5 6 18 152
5 12 6 154
6 7 18 137
6 8 3 148
7 8 18 105
7 9 14 84
8 9 7 159
8 10 13 200
9 10 16 170
9 11 12 144
10 11 5 159
10 12 5 154
11 2 9 171
11 13 14 199
12 6 11 125
12 14 17 202
13 14 7 245
13 6 11 187
14 0 5 250
14 1 13 238
1 0 4 148
2 0 5 172
2 1 7 171
3 1 13 264
3 2 3 254
13 2 9 207
4 3 6 263
7 3 19 172
5 4 17 153
6 4 17 126
6 5 11 154
12 5 2 154
7 6 7 92
8 6 19 144
8 7 10 120
9 7 2 126
9 8 19 160
10 8 18 175
10 9 5 144
11 9 19 172
11 10 15 213
12 10 2 181
2 11 20 156
13 11 20 194
6 12 11 140
14 12 7 210
14 13 18 250
6 13 20 167
0 14 6 232
1 14 19 183
# Mapping
127
# Mapping pairs
14 11
14 6
14 8
14 9
14 27
14 14
14 12
14 17
14 21
14 25
14 37
14 41
14 52
14 109
14 143
14 10
13 128
13 165
13 179
14 13
13 185
13 198
14 53
12 43
12 47
12 51
12 64
12 65
12 69
12 112
12 100
14 46
12 158
12 108
12 126
13 176
14 0
12 146
14 105
14 20
12 186
11 59
11 83
12 79
11 98
11 192
14 2
10 68
10 76
10 80
10 187
12 56
14 3
11 88
9 86
9 155
12 58
9 193
8 101
7 87
12 149
12 57
14 19
6 110
6 163
6 74
8 150
7 71
5 102
14 15
5 123
5 168
5 181
5 130
12 172
14 42
4 121
9 184
4 145
11 72
5 136
3 103
13 159
3 132
3 135
4 151
8 62
3 156
9 152
12 89
14 4
3 177
5 93
14 33
3 188
4 125
5 92
2 147
1 133
3 174
10 70
1 144
14 7
9 96
2 131
1 118
0 164
11 138
9 195
3 166
3 104
14 5
10 122
3 194
14 49
0 171
3 113
14 1
14 23
0 161
0 190
0 191
9 66
2 182
0 154
3 120
3 134
# Substrate Size
200
# Slice Type
3
#Virtual Graph
# noVertices
6
# noArcs
24
# Vertices: id cpu
0 63
1 147
2 90
3 111
4 243
5 201
# Arcs: idS idT bandwidth delay
0 1 2 181
0 2 13 235
1 2 5 186
1 4 11 176
2 3 2 249
2 4 6 305
3 4 14 185
3 5 13 191
4 5 16 199
4 0 12 207
5 2 20 288
5 1 12 238
1 0 14 148
2 0 3 276
2 1 3 264
4 1 20 195
3 2 10 217
4 2 19 245
4 3 14 157
5 3 15 200
5 4 20 213
0 4 6 226
2 5 16 311
1 5 19 183
# Mapping
102
# Mapping pairs
5 0
5 5
5 11
5 49
5 33
5 7
5 14
5 27
5 12
5 23
5 53
5 105
5 37
5 46
5 42
5 52
5 19
5 143
5 20
4 55
4 94
4 18
4 38
5 3
4 99
4 22
4 39
4 24
4 32
4 31
4 26
4 44
5 6
4 45
4 48
4 117
4 30
4 81
4 16
4 106
5 41
4 141
4 142
4 157
4 34
4 129
2 132
3 184
4 63
2 104
3 155
5 25
5 2
2 113
2 134
3 66
2 174
5 109
5 15
2 135
5 21
3 195
4 28
2 166
4 35
2 103
4 61
2 188
4 73
5 10
5 9
4 111
1 133
2 120
4 167
1 144
3 152
4 50
5 13
1 118
4 29
2 156
3 193
4 82
0 161
0 190
5 17
4 54
2 177
4 162
3 86
4 36
5 1
0 171
0 164
2 194
5 4
0 154
5 8
4 40
3 96
0 191
# Substrate Size
200
# Slice Type
3
#Virtual Graph
# noVertices
5
# noArcs
10
# Vertices: id cpu
0 87
1 36
2 96
3 51
4 36
# Arcs: idS idT bandwidth delay
0 1 13 235
1 2 7 234
2 3 14 181
3 4 6 120
4 0 7 185
1 0 5 254
2 1 18 205
3 2 11 152
4 3 5 118
0 4 16 226
# Mapping
63
# Mapping pairs
4 38
4 18
4 99
4 22
4 39
4 26
4 44
4 40
4 45
4 48
4 50
4 117
4 73
4 61
4 81
4 30
4 16
4 82
4 29
4 142
4 157
4 162
4 54
3 80
3 68
4 129
4 34
4 141
3 122
4 63
3 187
2 74
4 106
2 110
1 156
4 94
1 104
3 70
3 76
1 113
4 55
1 120
4 31
4 32
1 166
2 163
1 177
4 36
1 135
1 194
1 134
4 28
4 35
0 182
1 174
0 131
4 167
0 147
1 188
4 111
1 103
4 24
1 132
# Substrate Size
200
# Slice Type
3
