#Substrate Graph
# noVertices
50
# noArcs
124
# Vertices: id cost cpu group
0 18 3489 7
1 39 3330 7
2 33 3914 7
3 50 21564 7
4 43 26804 7
5 48 4303 7
6 13 5522 7
7 16 6730 7
8 15 3239 7
9 6 5259 7
10 20 12367 7
11 13 4481 7
12 4 7609 0
13 27 3272 31
14 23 2872 7
15 14 1576 7
16 20 3806 0
17 44 2094 0
18 13 4439 0
19 32 3515 7
20 16 1748 7
21 37 2476 7
22 33 7780 31
23 47 4732 0
24 20 12368 24
25 39 2764 7
26 31 1135 7
27 37 13924 14
28 41 2482 7
29 27 2828 7
30 5 5354 7
31 28 12632 0
32 19 2639 7
33 28 5295 7
34 49 2106 0
35 1 1671 7
36 40 1736 0
37 18 4933 7
38 44 2272 7
39 23 2367 7
40 32 5413 24
41 34 6873 14
42 12 1243 0
43 40 2953 0
44 36 5393 24
45 18 2640 24
46 23 4343 31
47 20 2847 24
48 18 2333 31
49 4 2240 7
# Arcs: idS idT bandwidth cost delay
0 1 606 31 20
1 0 310 8 36
0 2 120 49 28
2 0 546 21 13
1 3 934 19 22
3 1 550 21 29
1 8 215 9 38
8 1 475 46 9
2 37 1021 13 11
37 2 1128 23 29
3 4 8805 42 18
4 3 6813 34 6
3 6 1546 47 14
6 3 1689 18 33
3 8 719 25 8
8 3 771 29 37
3 14 551 19 31
14 3 530 32 17
3 15 299 6 16
15 3 344 38 36
3 27 2927 41 27
27 3 5448 15 24
3 28 558 12 6
28 3 434 44 20
3 33 1239 3 11
33 3 1143 46 13
3 39 619 19 5
39 3 406 8 29
3 37 1460 8 7
37 3 1175 29 6
3 7 1145 32 32
7 3 1150 3 23
4 5 1345 5 24
5 4 1830 45 6
4 9 1001 29 38
9 4 1283 48 29
4 12 2899 1 35
12 4 3053 10 19
4 13 1673 13 37
13 4 1013 14 9
4 20 468 14 11
20 4 294 40 16
4 21 494 27 38
21 4 366 3 15
4 25 683 23 14
25 4 562 15 12
4 26 307 39 15
26 4 251 25 20
4 29 649 26 11
29 4 571 5 33
4 30 1408 17 29
30 4 1016 40 10
4 31 3853 44 32
31 4 2979 7 12
4 10 4551 18 7
10 4 4181 50 22
5 10 1043 44 38
10 5 1017 26 13
5 19 508 42 25
19 5 833 27 39
6 7 679 32 31
7 6 527 20 26
6 11 894 50 6
11 6 1248 38 17
6 35 357 10 19
35 6 363 18 35
7 19 773 10 15
19 7 483 15 12
7 49 565 1 8
49 7 667 4 22
7 8 307 48 32
8 7 368 26 28
8 38 483 45 15
38 8 476 26 31
10 24 4582 12 31
24 10 3889 15 17
10 32 705 46 32
32 10 584 45 25
12 16 537 47 20
16 12 508 2 18
12 17 712 47 11
17 12 450 11 35
12 18 994 42 33
18 12 760 33 28
12 22 730 7 27
22 12 1076 7 22
12 34 378 16 27
34 12 515 43 40
12 36 349 40 36
36 12 317 23 35
12 43 218 13 30
43 12 388 5 20
13 46 1158 22 17
46 13 761 34 17
16 31 457 38 16
31 16 276 50 23
17 23 289 26 14
23 17 132 12 9
22 46 412 15 12
46 22 444 7 10
22 31 730 48 34
31 22 931 40 28
23 31 886 35 36
31 23 918 30 29
24 40 2047 44 16
40 24 1360 2 38
24 44 1550 10 34
44 24 1352 15 24
27 41 1274 7 27
41 27 2300 26 26
31 43 795 14 24
43 31 481 39 39
31 42 514 3 24
42 31 251 49 19
33 37 360 13 34
37 33 140 35 37
34 42 84 7 39
42 34 278 14 17
40 45 555 20 35
45 40 425 25 40
44 47 649 15 10
47 44 575 44 25
46 48 591 44 28
48 46 438 29 24
# noSlices
40
#Virtual Graph
# noVertices
15
# noArcs
14
# Vertices: id cpu
0 432
1 432
2 432
3 264
4 240
5 168
6 144
7 216
8 144
9 168
10 144
11 240
12 216
13 408
14 240
# Arcs: idS idT bandwidth delay
0 1 144 196
0 2 144 196
2 3 88 196
2 4 80 196
4 5 56 196
4 6 48 196
3 7 72 196
3 8 48 196
7 9 56 196
7 10 48 196
1 11 80 196
1 12 72 196
0 13 136 196
4 14 80 196
# Mapping
299
# Mapping pairs
7 49
7 47
7 45
7 44
7 43
7 42
7 41
7 39
7 34
7 33
7 32
7 31
7 48
7 30
7 27
7 26
7 23
7 22
7 17
7 15
7 14
7 13
7 12
7 11
7 10
7 9
7 8
7 7
7 6
4 48
4 46
4 44
4 42
4 40
4 39
4 29
4 26
4 25
4 22
4 14
7 1
4 13
7 24
4 9
4 8
4 7
4 15
4 5
4 32
4 31
4 2
4 1
4 0
3 49
3 48
4 12
3 47
3 45
3 44
3 42
3 40
3 43
3 39
7 19
3 38
3 36
3 32
3 31
3 29
3 28
3 25
3 24
3 20
3 19
3 30
3 15
3 10
3 9
3 8
4 41
3 7
3 6
7 40
3 3
3 0
3 4
2 48
2 46
2 45
2 43
7 4
7 36
2 42
2 41
7 28
7 46
3 1
2 40
4 47
4 21
2 39
3 18
2 37
2 36
2 35
7 2
2 33
2 30
4 23
2 27
7 21
4 11
3 16
2 47
2 23
2 22
4 24
7 18
2 21
2 19
7 3
2 15
2 13
2 11
2 10
7 20
2 34
2 9
2 14
2 2
3 35
1 39
1 36
1 33
4 35
1 32
1 31
2 6
7 25
1 40
1 29
4 16
3 41
1 28
1 27
3 46
1 46
4 34
1 25
1 24
3 26
3 17
1 23
1 21
2 26
3 27
1 19
1 18
1 17
4 43
1 16
7 5
1 15
1 13
4 6
2 16
1 12
3 5
1 11
1 9
1 8
1 49
4 17
2 38
1 48
1 5
1 37
1 44
1 41
1 4
1 3
4 33
1 0
14 3
2 49
1 20
14 1
3 22
3 21
13 42
2 31
1 6
13 31
2 5
12 14
2 20
4 27
12 8
2 24
4 28
7 29
11 20
12 19
7 0
11 7
11 15
12 26
3 11
11 6
3 37
1 47
11 4
3 14
1 2
4 37
4 36
10 30
4 4
1 1
10 28
10 29
10 37
4 19
9 32
1 45
2 12
7 16
10 25
7 35
2 28
1 7
8 12
9 5
1 22
2 0
1 14
2 3
1 43
8 16
2 25
2 29
13 43
2 44
6 13
4 3
13 36
11 49
2 7
1 38
6 22
1 10
8 23
2 32
2 4
6 48
9 39
9 0
1 35
4 18
14 11
5 40
4 49
3 23
1 26
4 38
7 37
12 9
12 10
2 18
2 17
4 10
3 2
5 44
3 34
12 21
11 33
1 30
3 13
13 34
1 42
8 17
4 20
2 8
3 33
2 1
8 18
1 34
5 45
14 2
3 12
5 47
4 30
10 38
7 38
4 45
5 24
6 46
10 35
0 27
# Substrate Size
50
# Slice Type
0
#Virtual Graph
# noVertices
12
# noArcs
11
# Vertices: id cpu
0 312
1 96
2 192
3 144
4 120
5 72
6 120
7 312
8 48
9 72
10 96
11 96
# Arcs: idS idT bandwidth delay
0 1 32 196
0 2 64 196
2 3 48 196
2 4 40 196
4 5 24 196
4 6 40 196
0 7 104 196
5 8 16 196
5 9 24 196
3 10 32 196
3 11 32 196
# Mapping
249
# Mapping pairs
5 49
5 46
5 38
5 37
5 33
5 29
5 27
5 23
5 20
5 19
5 16
5 12
5 5
5 4
5 2
5 25
5 0
4 48
5 31
4 44
4 43
4 42
4 40
4 39
4 38
5 3
4 36
4 37
5 1
4 34
4 33
4 30
4 29
4 28
4 25
4 22
4 9
4 8
4 7
4 5
4 15
4 4
5 13
4 3
4 2
4 31
4 32
4 0
5 21
3 49
3 48
3 47
4 12
5 41
3 46
3 45
5 35
3 44
3 42
3 41
4 16
5 18
3 40
3 39
3 43
3 36
3 35
3 34
5 43
3 32
3 31
3 29
3 25
5 11
3 28
3 24
3 23
4 49
3 20
3 26
3 17
5 9
5 10
3 15
3 30
3 13
3 10
5 26
3 9
3 8
3 6
5 6
2 49
3 4
2 48
2 46
2 45
2 43
3 11
2 39
4 21
4 47
2 38
4 17
5 48
2 36
5 42
2 33
2 30
2 27
4 23
3 27
2 26
5 30
2 29
2 25
2 24
4 27
3 16
2 47
2 23
4 11
2 20
2 19
3 2
4 10
5 44
2 17
2 16
4 6
3 18
2 37
2 15
2 34
2 9
2 14
3 3
2 6
4 35
2 31
2 5
2 2
11 10
4 13
2 0
2 28
11 21
5 8
2 11
5 22
10 33
10 20
3 19
10 6
2 41
10 15
5 39
10 49
4 18
5 40
2 1
3 33
2 8
4 20
10 4
5 45
9 29
9 28
2 3
11 9
9 25
8 5
2 13
9 30
4 45
5 24
3 5
5 34
8 11
11 8
3 0
8 2
3 7
4 41
5 36
7 12
3 12
7 17
5 47
8 0
8 3
4 46
10 7
2 18
9 35
3 1
2 40
2 21
7 18
4 24
3 22
3 21
7 23
4 14
7 42
2 35
7 34
5 17
5 28
2 22
7 31
9 37
4 1
11 26
3 38
7 43
9 38
2 44
6 13
6 22
5 32
2 7
2 32
2 4
6 48
5 7
1 40
11 19
1 44
2 42
7 36
2 10
7 16
1 45
2 12
4 19
5 14
11 14
4 26
1 24
3 14
1 47
3 37
6 46
8 32
0 27
8 1
5 15
8 39
# Substrate Size
50
# Slice Type
0
#Virtual Graph
# noVertices
10
# noArcs
9
# Vertices: id cpu
0 231
1 210
2 189
3 168
4 189
5 105
6 126
7 147
8 84
9 126
# Arcs: idS idT bandwidth delay
0 1 70 196
0 2 63 196
2 3 56 196
2 4 63 196
1 5 35 196
1 6 42 196
1 7 49 196
2 8 28 196
0 9 42 196
# Mapping
149
# Mapping pairs
2 48
2 46
2 45
2 44
2 42
2 40
2 39
2 37
2 35
2 33
2 30
2 29
2 27
2 25
2 24
2 23
2 47
2 22
2 21
2 20
2 18
2 17
2 15
2 13
2 11
2 10
2 14
2 9
2 34
2 4
2 32
2 2
2 8
2 1
2 12
1 45
1 42
1 39
2 7
1 38
1 36
1 35
1 34
1 33
1 40
1 29
1 27
1 24
2 0
1 22
1 21
2 26
1 19
1 17
1 16
1 15
2 3
1 43
1 14
2 16
1 12
1 10
1 9
1 49
1 8
2 28
1 7
1 44
1 41
1 37
1 4
1 3
1 47
1 2
1 0
9 8
9 10
9 26
1 48
9 14
2 38
1 5
2 19
9 19
8 15
8 20
2 5
8 49
1 6
2 31
1 26
7 37
1 13
7 30
2 43
7 35
2 6
1 32
1 31
7 25
7 29
6 0
9 9
6 39
6 1
7 28
2 41
6 11
8 33
1 46
1 25
6 3
5 16
5 12
5 23
6 32
5 36
5 34
1 11
1 18
5 42
2 36
4 13
8 6
4 46
4 22
5 17
6 2
1 20
2 49
4 48
5 31
3 40
9 21
1 1
7 38
1 28
5 18
3 45
3 44
3 24
8 4
6 5
3 47
1 30
8 7
5 43
1 23
0 41
# Substrate Size
50
# Slice Type
0
#Virtual Graph
# noVertices
9
# noArcs
8
# Vertices: id cpu
0 510
1 210
2 300
3 180
4 120
5 120
6 150
7 150
8 90
# Arcs: idS idT bandwidth delay
0 1 70 196
0 2 100 196
1 3 60 196
1 4 40 196
3 5 40 196
3 6 50 196
6 7 50 196
6 8 30 196
# Mapping
199
# Mapping pairs
6 48
6 47
6 46
6 45
6 44
6 40
6 38
6 32
6 31
6 30
6 28
6 27
6 23
6 22
6 21
6 18
6 17
6 16
6 34
6 14
6 20
6 12
6 11
6 9
6 8
6 7
6 6
6 2
6 0
3 49
3 48
3 47
3 45
3 44
3 42
3 40
3 39
3 43
3 38
3 33
6 29
3 32
3 31
3 29
3 28
6 43
3 24
3 22
3 21
3 20
3 19
3 15
3 30
3 12
3 11
3 10
3 9
3 8
3 6
6 49
3 2
6 25
3 0
1 45
3 13
1 42
1 39
3 35
1 38
1 36
1 35
1 34
3 4
1 33
3 3
1 32
1 31
1 40
1 29
1 27
3 23
1 26
1 24
1 22
3 27
1 19
1 17
1 16
1 43
1 14
1 13
1 7
6 35
1 6
1 48
1 5
1 44
1 41
1 37
1 4
1 1
8 38
1 46
8 35
3 46
1 25
6 3
8 29
1 12
8 25
8 10
6 37
8 26
6 1
8 14
6 33
1 0
7 0
6 5
7 32
1 3
6 19
8 37
1 15
7 5
8 8
6 39
7 39
3 36
1 21
6 15
7 2
3 18
7 3
7 49
7 6
1 10
7 4
7 20
7 7
7 33
5 16
8 9
6 36
1 28
5 18
3 41
5 12
5 23
6 10
3 7
5 36
7 1
4 13
6 41
4 46
6 42
3 14
1 2
1 47
3 37
7 15
4 22
8 30
5 17
1 20
4 48
5 31
3 5
5 34
1 11
1 18
5 42
3 1
2 40
8 28
3 25
7 11
2 44
6 13
2 45
1 9
2 24
1 49
1 8
3 16
2 47
1 30
8 21
6 24
5 43
3 34
8 19
6 4
6 26
3 26
3 17
1 23
0 41
# Substrate Size
50
# Slice Type
0
#Virtual Graph
# noVertices
15
# noArcs
14
# Vertices: id cpu
0 240
1 120
2 180
3 180
4 165
5 105
6 90
7 60
8 120
9 75
10 105
11 75
12 60
13 45
14 165
# Arcs: idS idT bandwidth delay
0 1 40 196
0 2 60 196
0 3 60 196
0 4 55 196
3 5 35 196
3 6 30 196
1 7 20 196
1 8 40 196
3 9 25 196
8 10 35 196
8 11 25 196
9 12 20 196
9 13 15 196
3 14 55 196
# Mapping
249
# Mapping pairs
9 48
9 46
9 42
9 41
9 40
9 39
9 37
9 36
9 30
9 27
9 25
9 23
9 28
9 20
9 19
9 17
9 15
9 10
9 26
9 8
9 7
9 6
9 4
9 3
9 2
9 1
8 48
9 38
8 47
8 46
8 45
8 43
8 41
9 34
8 40
8 39
8 38
8 37
8 36
9 33
8 33
8 31
8 27
8 26
8 25
8 24
8 20
8 19
8 17
8 16
8 14
8 11
8 10
9 35
8 7
8 5
8 2
8 1
8 0
3 49
3 48
3 47
3 45
3 44
3 42
3 40
9 44
3 39
3 43
3 36
9 9
3 34
3 33
8 18
3 32
3 31
9 16
3 29
3 25
3 22
3 21
3 18
3 15
3 30
3 11
3 9
3 8
3 6
3 2
8 22
3 0
1 45
9 32
3 13
1 42
1 38
9 49
1 36
1 35
9 0
3 4
1 33
9 12
3 3
1 32
1 31
1 27
1 46
3 46
8 35
1 25
1 24
3 26
3 17
1 23
9 22
1 22
9 5
1 21
3 27
1 19
9 11
1 18
1 17
1 16
1 15
1 12
8 29
1 10
8 23
1 6
8 49
1 44
1 41
1 37
1 4
1 3
3 14
1 2
1 47
3 37
1 1
9 21
1 0
3 12
14 29
3 10
13 2
3 28
13 3
8 4
3 24
12 43
1 30
12 42
8 21
1 39
12 36
3 35
1 48
9 14
12 34
1 5
9 31
3 5
1 11
12 31
1 40
11 19
1 29
9 18
11 26
3 38
8 44
1 43
1 14
11 9
11 21
1 7
8 12
9 45
10 33
1 34
10 4
11 14
3 23
1 26
7 37
10 49
1 13
9 29
7 30
11 8
3 19
10 6
7 28
6 5
8 34
3 7
6 32
8 13
5 23
5 12
4 22
8 30
13 11
4 13
11 10
8 6
13 1
10 7
8 42
9 24
4 46
8 3
1 20
4 48
5 17
3 1
2 40
10 15
8 28
2 44
1 28
5 18
3 41
7 38
9 13
2 45
9 47
1 9
6 0
10 20
6 39
8 8
1 49
1 8
3 16
2 47
2 24
14 35
3 20
14 25
0 27
8 15
8 32
9 43
5 16
8 9
# Substrate Size
50
# Slice Type
0
#Virtual Graph
# noVertices
9
# noArcs
8
# Vertices: id cpu
0 324
1 234
2 108
3 144
4 180
5 72
6 108
7 72
8 36
# Arcs: idS idT bandwidth delay
0 1 78 196
0 2 36 196
1 3 48 196
1 4 60 196
2 5 24 196
2 6 36 196
5 7 24 196
5 8 12 196
# Mapping
199
# Mapping pairs
5 49
5 47
5 46
5 45
5 44
5 43
5 40
5 38
5 37
5 36
5 33
5 32
5 26
5 24
5 23
5 21
5 19
5 17
5 28
5 15
5 12
5 7
5 6
5 5
5 4
5 3
5 0
2 48
2 46
2 45
2 44
2 43
2 41
2 40
2 39
2 37
2 36
5 42
2 35
2 30
2 27
2 24
2 23
2 47
2 22
2 21
2 20
2 19
2 17
2 13
2 14
2 9
2 34
2 4
2 32
2 2
2 8
2 1
1 42
1 39
2 7
1 38
1 36
1 35
5 2
5 25
1 34
1 33
2 6
1 32
1 31
1 40
1 29
1 28
5 18
1 27
1 26
1 24
1 23
5 9
5 10
2 0
1 22
2 26
5 30
1 19
1 18
1 17
1 16
1 13
1 9
1 49
1 8
2 28
1 7
5 8
2 5
1 6
2 31
1 48
2 38
5 48
1 5
1 44
1 41
1 37
1 4
8 38
5 27
1 46
8 35
1 25
2 16
8 29
1 12
8 25
1 30
8 21
8 19
2 18
8 10
8 26
5 1
8 14
1 0
7 32
1 3
5 20
8 37
1 15
7 5
5 29
8 8
7 39
1 21
7 2
2 33
2 15
7 3
7 49
7 6
1 10
6 17
8 28
5 39
7 11
5 11
2 25
6 23
2 29
6 16
6 34
1 11
5 34
4 46
6 42
7 1
4 13
2 12
1 45
5 14
6 18
1 47
1 2
7 15
4 22
8 30
1 20
2 49
4 48
5 31
3 40
1 1
5 13
3 45
5 35
3 24
6 43
2 10
7 20
7 4
2 42
2 11
5 22
7 7
3 44
7 33
2 3
1 43
1 14
6 12
6 31
3 47
5 41
7 0
0 27
6 36
8 9
5 16
# Substrate Size
50
# Slice Type
0
#Virtual Graph
# noVertices
12
# noArcs
11
# Vertices: id cpu
0 285
1 240
2 225
3 150
4 210
5 165
6 210
7 150
8 150
9 105
10 90
11 120
# Arcs: idS idT bandwidth delay
0 1 80 196
0 2 75 196
2 3 50 196
2 4 70 196
2 5 55 196
4 6 70 196
4 7 50 196
5 8 50 196
5 9 35 196
3 10 30 196
3 11 40 196
# Mapping
249
# Mapping pairs
5 49
5 46
5 38
5 37
5 33
5 29
5 27
5 23
5 20
5 19
5 16
5 12
5 5
5 4
5 2
5 25
5 0
4 48
5 31
4 44
4 43
4 42
4 40
4 39
4 38
5 3
4 36
4 37
5 1
4 34
4 33
4 30
4 29
4 28
4 25
4 22
4 9
4 8
4 7
4 5
4 15
4 4
5 13
4 3
4 2
4 31
4 32
4 0
5 21
3 49
3 48
3 47
4 12
5 41
3 46
3 45
5 35
3 44
3 42
3 41
4 16
5 18
3 40
3 39
3 43
3 36
3 35
3 34
5 43
3 32
3 31
3 29
3 25
5 11
3 28
3 24
3 23
4 49
3 20
3 26
3 17
5 9
5 10
3 15
3 30
3 13
3 10
5 26
3 9
3 8
3 6
5 6
2 49
3 4
2 48
2 46
2 45
2 43
3 11
2 39
4 21
4 47
2 38
4 17
5 48
2 36
5 42
2 33
2 30
2 27
4 23
3 27
2 26
5 30
2 29
2 25
2 24
4 27
3 16
2 47
2 23
4 11
2 20
2 19
3 2
4 10
5 44
2 17
2 16
4 6
3 18
2 37
2 15
2 34
2 9
2 14
3 3
2 6
4 35
2 31
2 5
2 2
11 10
4 13
2 0
2 28
11 21
5 8
2 11
5 22
10 33
10 20
3 19
10 6
2 41
10 15
5 39
10 49
4 18
5 40
2 1
3 33
2 8
4 20
10 4
5 45
9 29
9 28
2 3
11 9
9 25
8 5
2 13
9 30
4 45
5 24
3 5
5 34
8 11
11 8
3 0
8 2
3 7
4 41
5 36
7 12
3 12
7 17
5 47
8 0
8 3
4 46
10 7
2 18
9 35
3 1
2 40
2 21
7 18
4 24
3 22
3 21
7 23
4 14
7 42
2 35
7 34
5 17
5 28
2 22
7 31
9 37
4 1
11 26
3 38
7 43
9 38
2 44
6 13
6 22
5 32
2 7
2 32
2 4
6 48
5 7
1 40
11 19
1 44
2 42
7 36
2 10
7 16
1 45
2 12
4 19
5 14
11 14
4 26
1 24
3 14
1 47
3 37
6 46
8 32
0 27
8 1
5 15
8 39
# Substrate Size
50
# Slice Type
0
#Virtual Graph
# noVertices
10
# noArcs
9
# Vertices: id cpu
0 294
1 126
2 252
3 189
4 273
5 105
6 126
7 105
8 63
9 126
# Arcs: idS idT bandwidth delay
0 1 42 196
0 2 84 196
0 3 63 196
0 4 91 196
1 5 35 196
1 6 42 196
6 7 35 196
6 8 21 196
6 9 42 196
# Mapping
149
# Mapping pairs
6 49
6 48
6 47
6 46
6 45
6 44
6 42
6 40
6 39
6 37
6 36
6 33
6 32
6 31
6 29
6 28
6 25
6 23
6 20
6 14
6 12
6 17
6 11
6 10
6 9
6 8
6 26
6 4
6 2
6 18
1 45
1 39
1 36
1 34
1 33
1 40
1 29
1 27
1 22
6 15
1 21
1 20
1 19
1 18
1 17
1 15
1 43
1 14
6 7
1 12
6 16
6 34
1 11
1 10
1 7
6 35
1 44
1 41
1 37
1 4
6 19
1 3
1 47
1 2
1 0
6 0
9 9
9 21
1 1
6 24
1 30
8 7
6 38
8 6
6 41
6 27
8 20
8 15
6 30
8 49
1 6
8 4
6 43
1 13
7 30
1 32
1 31
7 25
7 29
6 22
5 32
1 38
6 21
5 5
1 35
5 2
6 5
4 12
7 38
1 28
4 16
1 48
4 17
9 14
1 5
9 19
9 8
1 24
5 0
1 26
5 3
7 37
4 18
9 10
9 26
4 23
6 1
5 1
4 36
7 28
4 42
7 35
1 16
4 43
8 33
6 3
1 25
4 34
1 46
3 46
2 40
3 48
5 11
5 39
6 13
2 44
2 45
1 9
3 22
2 24
4 31
6 6
1 49
1 8
2 47
1 42
3 13
1 23
0 41
# Substrate Size
50
# Slice Type
0
#Virtual Graph
# noVertices
11
# noArcs
10
# Vertices: id cpu
0 99
1 99
2 99
3 72
4 90
5 45
6 36
7 90
8 45
9 72
10 72
# Arcs: idS idT bandwidth delay
0 1 33 196
0 2 33 196
2 3 24 196
2 4 30 196
2 5 15 196
1 6 12 196
1 7 30 196
1 8 15 196
3 9 24 196
3 10 24 196
# Mapping
199
# Mapping pairs
3 49
3 48
3 47
3 45
3 44
3 42
3 40
3 39
3 43
3 34
3 32
3 31
3 29
3 24
3 21
3 22
3 20
3 19
3 15
3 30
3 12
3 11
3 10
3 9
3 8
3 7
3 6
3 3
3 2
3 0
2 46
2 45
2 44
2 43
2 42
2 41
2 40
3 1
2 37
3 18
2 36
2 35
2 30
2 27
2 23
2 47
3 16
2 22
2 20
2 19
2 18
2 17
2 13
2 10
2 14
2 9
2 34
2 4
2 32
2 2
2 8
2 1
3 33
1 42
3 13
1 39
3 35
1 36
1 35
1 34
2 6
1 32
1 31
1 40
1 29
1 28
3 41
1 27
1 26
3 23
1 24
1 23
3 17
3 26
2 0
1 22
1 20
2 49
1 18
1 17
1 16
1 13
1 10
1 9
1 49
1 8
2 28
1 7
2 5
1 6
2 31
1 44
1 41
1 37
1 4
1 47
3 37
1 2
3 14
1 30
10 10
10 19
3 38
9 33
9 7
2 26
9 4
1 19
3 27
8 38
10 8
1 46
8 35
3 46
1 25
2 16
8 29
1 12
1 33
10 14
2 48
3 4
8 25
9 20
2 7
1 38
9 49
7 0
1 15
7 5
7 39
3 36
1 21
7 2
2 33
2 15
7 3
9 15
2 24
10 26
10 21
6 17
7 1
2 12
1 45
6 18
7 11
3 25
8 28
2 25
6 23
2 29
2 3
1 43
1 14
6 12
6 31
6 42
5 13
1 1
8 30
5 46
1 48
5 48
2 38
1 5
4 40
1 0
4 45
10 9
7 32
1 3
8 37
6 16
6 34
1 11
3 5
2 21
4 24
6 43
3 28
4 47
2 39
2 11
5 22
9 6
0 27
6 36
4 44
# Substrate Size
50
# Slice Type
0
#Virtual Graph
# noVertices
15
# noArcs
14
# Vertices: id cpu
0 240
1 96
2 144
3 72
4 84
5 48
6 36
7 240
8 240
9 192
10 216
11 72
12 192
13 24
14 24
# Arcs: idS idT bandwidth delay
0 1 32 196
0 2 48 196
2 3 24 196
2 4 28 196
4 5 16 196
4 6 12 196
0 7 80 196
7 8 80 196
7 9 64 196
7 10 72 196
9 11 24 196
9 12 64 196
6 13 8 196
6 14 8 196
# Mapping
299
# Mapping pairs
9 48
9 47
9 44
9 42
9 39
9 38
9 37
9 36
9 33
9 31
9 29
9 28
9 27
9 26
9 24
9 23
9 22
9 20
9 19
9 18
9 16
9 15
9 12
9 11
9 10
9 8
9 0
7 49
7 47
7 42
7 39
9 9
7 48
7 31
7 27
7 33
7 26
9 25
7 19
7 17
7 15
7 11
7 10
9 6
7 7
7 6
7 5
7 40
6 49
6 48
6 46
9 7
6 45
6 44
6 43
6 39
7 22
6 38
6 35
9 45
7 12
6 32
6 31
6 28
6 27
6 22
9 17
6 21
7 32
6 19
6 18
9 46
7 9
6 17
9 41
6 34
6 16
6 15
7 44
6 20
6 14
6 12
6 11
7 43
6 9
6 8
6 6
6 26
6 4
4 49
4 48
6 42
4 46
4 45
9 30
4 44
4 43
4 42
4 41
6 33
4 40
4 39
6 3
4 34
4 33
6 2
4 29
4 26
4 25
4 22
7 24
7 1
6 41
4 13
7 41
6 0
4 9
4 7
4 5
4 15
4 32
4 31
4 2
4 1
4 8
4 0
2 48
2 46
2 45
7 30
2 43
7 46
7 28
2 41
2 38
4 17
9 14
2 36
7 2
2 33
2 30
2 28
7 21
2 27
4 23
9 4
2 26
2 23
2 47
4 11
2 22
7 18
4 24
2 21
2 40
2 19
6 25
4 10
2 17
6 7
2 16
4 6
2 37
7 3
2 15
2 11
7 36
7 4
2 42
9 34
7 20
2 10
2 14
2 9
2 34
2 4
2 32
2 3
9 1
2 8
4 20
6 29
2 1
9 5
2 0
14 3
14 1
2 49
9 2
6 23
2 29
13 43
2 25
13 36
9 40
4 3
7 14
6 13
2 44
2 5
13 31
2 31
14 11
4 18
7 37
4 38
12 9
12 14
2 20
12 8
2 24
4 27
7 25
2 6
4 35
9 3
7 29
4 28
11 20
12 19
4 12
7 0
11 7
6 5
11 15
12 26
4 47
2 39
4 21
11 6
2 7
11 49
9 49
6 1
4 37
4 36
10 30
7 13
2 2
10 28
4 4
9 21
7 35
10 25
6 10
5 23
5 12
12 21
6 24
11 33
13 34
3 13
5 18
4 16
7 38
4 30
10 38
9 13
7 8
6 40
8 5
2 13
7 23
4 14
13 42
3 22
2 35
7 34
5 17
3 46
6 37
9 35
12 10
2 18
3 48
1 40
1 44
6 47
8 0
14 2
10 29
10 37
7 16
2 12
1 45
4 19
9 32
1 47
11 4
1 24
8 39
10 35
7 45
6 36
5 16
6 30
8 32
9 43
0 27
# Substrate Size
50
# Slice Type
0
#Virtual Graph
# noVertices
15
# noArcs
14
# Vertices: id cpu
0 40
1 4
2 5
3 2
4 3
5 5
6 2
7 3
8 2
9 2
10 2
11 1
12 2
13 3
14 4
# Arcs: idS idT bandwidth delay
0 1 4 129
0 2 5 52
0 3 2 76
0 4 3 83
0 5 5 119
0 6 2 65
0 7 3 102
0 8 2 45
0 9 2 61
0 10 2 115
0 11 1 103
0 12 2 85
0 13 3 129
0 14 4 69
# Mapping
29
# Mapping pairs
14 4
13 47
12 14
12 21
11 31
10 23
13 24
9 25
11 43
8 33
8 15
10 18
6 2
5 40
5 44
4 27
3 26
6 1
3 19
14 49
4 41
2 37
1 13
9 29
2 38
1 48
7 16
7 17
0 39
# Substrate Size
50
# Slice Type
1
#Virtual Graph
# noVertices
15
# noArcs
14
# Vertices: id cpu
0 51
1 1
2 5
3 4
4 5
5 4
6 2
7 5
8 4
9 3
10 3
11 4
12 1
13 5
14 5
# Arcs: idS idT bandwidth delay
0 1 1 90
0 2 5 85
0 3 4 85
0 4 5 130
0 5 4 120
0 6 2 93
0 7 5 59
0 8 4 77
0 9 3 60
0 10 3 108
0 11 4 65
0 12 1 68
0 13 5 87
0 14 5 103
# Mapping
29
# Mapping pairs
14 32
14 0
13 35
12 6
11 20
11 33
10 41
9 31
8 28
7 17
7 16
5 40
4 47
10 27
2 13
6 9
2 22
12 4
3 14
1 2
8 30
9 42
6 19
1 11
5 44
4 24
3 8
0 23
13 25
# Substrate Size
50
# Slice Type
1
#Virtual Graph
# noVertices
11
# noArcs
10
# Vertices: id cpu
0 41
1 5
2 4
3 3
4 4
5 5
6 5
7 3
8 5
9 4
10 3
# Arcs: idS idT bandwidth delay
0 1 5 114
0 2 4 79
0 3 3 73
0 4 4 157
0 5 5 150
0 6 5 130
0 7 3 81
0 8 5 99
0 9 4 104
0 10 3 82
# Mapping
21
# Mapping pairs
10 25
9 27
9 41
8 39
10 35
8 0
5 48
7 8
4 45
4 44
3 28
6 31
2 20
3 38
2 49
7 14
1 12
5 46
1 17
6 34
0 11
# Substrate Size
50
# Slice Type
1
#Virtual Graph
# noVertices
13
# noArcs
12
# Vertices: id cpu
0 35
1 5
2 1
3 3
4 1
5 1
6 5
7 2
8 4
9 4
10 1
11 3
12 5
# Arcs: idS idT bandwidth delay
0 1 5 105
0 2 1 78
0 3 3 64
0 4 1 103
0 5 1 67
0 6 5 49
0 7 2 45
0 8 4 85
0 9 4 56
0 10 1 131
0 11 3 117
0 12 5 60
# Mapping
25
# Mapping pairs
12 20
10 40
9 19
11 18
8 27
9 10
12 7
5 2
5 11
4 46
4 13
6 49
3 35
10 47
11 23
2 28
8 41
2 30
7 0
3 29
1 43
7 39
1 31
6 4
0 8
# Substrate Size
50
# Slice Type
1
#Virtual Graph
# noVertices
8
# noArcs
7
# Vertices: id cpu
0 23
1 2
2 3
3 2
4 5
5 4
6 2
7 5
# Arcs: idS idT bandwidth delay
0 1 2 68
0 2 3 51
0 3 2 51
0 4 5 94
0 5 4 72
0 6 2 50
0 7 5 50
# Mapping
15
# Mapping pairs
7 9
6 6
5 41
5 27
4 24
4 47
3 35
3 37
2 1
7 10
1 46
1 48
2 32
0 31
6 7
# Substrate Size
50
# Slice Type
1
#Virtual Graph
# noVertices
15
# noArcs
14
# Vertices: id cpu
0 49
1 5
2 5
3 1
4 2
5 5
6 1
7 4
8 4
9 5
10 5
11 4
12 4
13 1
14 3
# Arcs: idS idT bandwidth delay
0 1 5 136
0 2 5 109
0 3 1 56
0 4 2 126
0 5 5 93
0 6 1 136
0 7 4 92
0 8 4 69
0 9 5 110
0 10 5 90
0 11 4 76
0 12 4 59
0 13 1 122
0 14 3 68
# Mapping
29
# Mapping pairs
14 29
13 18
12 38
10 41
9 31
9 43
14 25
8 26
7 21
6 48
12 28
4 40
4 44
3 3
3 11
10 27
2 17
8 10
7 14
6 22
5 32
2 16
11 49
1 47
11 4
13 23
5 0
1 24
0 15
# Substrate Size
50
# Slice Type
1
#Virtual Graph
# noVertices
8
# noArcs
7
# Vertices: id cpu
0 21
1 4
2 4
3 3
4 3
5 1
6 2
7 4
# Arcs: idS idT bandwidth delay
0 1 4 142
0 2 4 87
0 3 3 111
0 4 3 156
0 5 1 113
0 6 2 134
0 7 4 103
# Mapping
15
# Mapping pairs
7 38
5 49
7 30
4 48
4 13
6 41
3 14
2 39
2 32
1 18
5 20
1 16
6 27
0 40
3 26
# Substrate Size
50
# Slice Type
1
#Virtual Graph
# noVertices
5
# noArcs
4
# Vertices: id cpu
0 12
1 2
2 2
3 4
4 4
# Arcs: idS idT bandwidth delay
0 1 2 72
0 2 2 68
0 3 4 72
0 4 4 94
# Mapping
9
# Mapping pairs
4 44
3 22
3 13
2 43
1 27
1 41
2 42
4 47
0 25
# Substrate Size
50
# Slice Type
1
#Virtual Graph
# noVertices
12
# noArcs
11
# Vertices: id cpu
0 31
1 5
2 2
3 5
4 3
5 2
6 4
7 2
8 3
9 2
10 2
11 1
# Arcs: idS idT bandwidth delay
0 1 5 72
0 2 2 87
0 3 5 93
0 4 3 55
0 5 2 93
0 6 4 62
0 7 2 59
0 8 3 122
0 9 2 48
0 10 2 104
0 11 1 79
# Mapping
23
# Mapping pairs
11 49
11 4
10 31
9 26
9 10
8 40
7 11
7 3
6 38
5 41
4 15
4 33
8 45
10 36
3 23
3 12
5 27
2 13
1 32
6 30
1 39
2 46
0 29
# Substrate Size
50
# Slice Type
1
#Virtual Graph
# noVertices
8
# noArcs
7
# Vertices: id cpu
0 13
1 3
2 1
3 2
4 2
5 1
6 2
7 2
# Arcs: idS idT bandwidth delay
0 1 3 108
0 2 1 94
0 3 2 85
0 4 2 71
0 5 1 61
0 6 2 130
0 7 2 63
# Mapping
15
# Mapping pairs
7 26
6 47
4 39
3 13
7 10
3 22
6 40
2 49
4 1
5 28
2 15
5 37
1 27
1 41
0 23
# Substrate Size
50
# Slice Type
1
#Virtual Graph
# noVertices
10
# noArcs
40
# Vertices: id cpu
0 384
1 330
2 370
3 354
4 238
5 238
6 284
7 476
8 278
9 466
# Arcs: idS idT bandwidth delay
0 1 65 196
0 2 57 196
1 2 48 196
1 3 18 196
2 3 45 196
2 4 63 196
3 9 60 196
3 5 13 196
4 5 34 196
4 9 57 196
5 6 37 196
5 7 47 196
6 7 69 196
6 8 48 196
7 8 68 196
7 9 53 196
8 9 20 196
8 0 56 196
9 0 37 196
9 1 48 196
1 0 68 196
2 0 63 196
2 1 14 196
3 1 68 196
3 2 36 196
4 2 28 196
9 3 17 196
5 3 21 196
5 4 14 196
9 4 44 196
6 5 25 196
7 5 64 196
7 6 53 196
8 6 40 196
8 7 23 196
9 7 63 196
9 8 24 196
0 8 37 196
0 9 33 196
1 9 31 196
# Mapping
50
# Mapping pairs
9 3
9 1
8 43
8 42
8 34
7 19
8 36
7 26
7 9
7 21
7 14
9 2
7 8
6 20
6 33
6 49
5 30
9 11
5 29
6 15
5 25
4 39
4 5
4 0
6 6
3 16
5 35
2 13
5 28
2 22
5 38
2 46
2 48
6 7
4 32
1 40
1 44
3 12
1 45
3 18
5 37
1 47
1 24
3 23
8 31
0 27
6 4
0 41
3 17
7 10
# Substrate Size
50
# Slice Type
2
#Virtual Graph
# noVertices
10
# noArcs
40
# Vertices: id cpu
0 346
1 260
2 212
3 306
4 396
5 326
6 232
7 276
8 492
9 334
# Arcs: idS idT bandwidth delay
0 1 43 196
0 2 57 196
1 2 24 196
1 3 37 196
2 8 14 196
2 4 17 196
3 4 43 196
3 5 39 196
4 5 50 196
4 6 47 196
5 9 10 196
5 7 60 196
6 3 14 196
6 8 61 196
7 8 24 196
7 9 49 196
8 9 30 196
8 0 51 196
9 0 62 196
9 1 39 196
1 0 22 196
2 0 32 196
2 1 43 196
3 1 21 196
8 2 56 196
4 2 37 196
4 3 64 196
5 3 45 196
5 4 48 196
6 4 41 196
9 5 15 196
7 5 65 196
3 6 50 196
8 6 43 196
8 7 66 196
9 7 21 196
9 8 30 196
0 8 46 196
0 9 27 196
1 9 47 196
# Mapping
50
# Mapping pairs
9 3
9 1
8 43
8 42
8 34
7 19
8 36
7 26
7 9
7 21
7 14
9 2
7 8
6 20
6 33
6 49
5 30
9 11
5 29
6 15
5 25
4 39
4 5
4 0
6 6
3 16
5 35
2 13
5 28
2 22
5 38
2 46
2 48
6 7
4 32
1 40
1 44
3 12
1 45
3 18
5 37
1 47
1 24
3 23
8 31
0 27
6 4
0 41
3 17
7 10
# Substrate Size
50
# Slice Type
2
#Virtual Graph
# noVertices
5
# noArcs
10
# Vertices: id cpu
0 158
1 188
2 202
3 166
4 68
# Arcs: idS idT bandwidth delay
0 1 23 196
1 2 46 196
2 3 69 196
3 4 15 196
4 0 18 196
1 0 48 196
2 1 32 196
3 2 68 196
4 3 16 196
0 4 56 196
# Mapping
50
# Mapping pairs
4 39
4 1
4 3
4 4
4 15
4 5
4 20
4 33
4 8
4 0
4 14
4 10
4 21
4 25
4 37
3 12
3 18
3 42
4 28
4 35
3 36
4 9
3 16
4 11
3 43
4 30
2 13
2 46
4 29
2 22
2 48
4 6
1 40
4 2
4 32
1 44
4 19
1 45
4 7
4 26
1 24
4 38
3 23
4 49
1 47
3 31
0 27
3 34
3 17
0 41
# Substrate Size
50
# Slice Type
2
#Virtual Graph
# noVertices
9
# noArcs
36
# Vertices: id cpu
0 350
1 282
2 306
3 276
4 264
5 272
6 436
7 362
8 284
# Arcs: idS idT bandwidth delay
0 1 42 196
0 2 24 196
1 2 33 196
1 3 23 196
2 3 41 196
2 4 25 196
3 4 55 196
3 5 22 196
4 5 39 196
4 6 39 196
5 6 11 196
5 7 65 196
6 7 41 196
6 8 69 196
7 8 49 196
7 0 27 196
8 0 44 196
8 1 11 196
1 0 32 196
2 0 22 196
2 1 65 196
3 1 31 196
3 2 30 196
4 2 29 196
4 3 25 196
5 3 41 196
5 4 19 196
6 4 43 196
6 5 65 196
7 5 55 196
7 6 50 196
8 6 50 196
8 7 37 196
0 7 61 196
0 8 48 196
1 8 53 196
# Mapping
50
# Mapping pairs
8 43
8 42
8 34
7 19
8 36
7 26
7 9
7 21
7 8
6 20
6 33
6 15
6 49
5 30
5 29
5 25
4 39
4 0
4 5
4 1
4 3
7 14
4 11
3 16
6 6
5 35
2 13
5 28
2 22
5 38
2 46
2 48
6 7
4 32
4 2
1 40
1 44
3 12
1 45
3 18
5 37
1 47
1 24
3 23
8 31
0 27
0 41
3 17
6 4
7 10
# Substrate Size
50
# Slice Type
2
#Virtual Graph
# noVertices
14
# noArcs
56
# Vertices: id cpu
0 262
1 308
2 290
3 322
4 162
5 274
6 358
7 372
8 306
9 328
10 162
11 442
12 442
13 378
# Arcs: idS idT bandwidth delay
0 1 65 196
0 11 10 196
1 2 47 196
1 3 22 196
2 3 41 196
2 7 44 196
3 4 68 196
3 5 29 196
4 5 25 196
4 6 24 196
5 6 29 196
5 7 25 196
6 7 68 196
6 8 26 196
7 8 36 196
7 9 43 196
8 9 39 196
8 3 44 196
9 10 63 196
9 11 42 196
10 11 22 196
10 12 24 196
11 12 59 196
11 13 53 196
12 13 52 196
12 0 53 196
13 0 44 196
13 1 46 196
1 0 66 196
11 0 10 196
2 1 60 196
3 1 17 196
3 2 34 196
7 2 35 196
4 3 32 196
5 3 58 196
5 4 25 196
6 4 41 196
6 5 44 196
7 5 60 196
7 6 12 196
8 6 21 196
8 7 49 196
9 7 13 196
9 8 46 196
3 8 13 196
10 9 35 196
11 9 42 196
11 10 57 196
12 10 49 196
12 11 67 196
13 11 67 196
13 12 32 196
0 12 22 196
0 13 34 196
1 13 19 196
# Mapping
50
# Mapping pairs
12 14
12 21
11 49
11 4
11 6
10 35
10 29
9 3
9 2
9 1
8 43
8 42
8 34
7 26
6 33
6 15
5 37
5 30
9 11
4 39
10 25
13 24
4 5
4 0
7 19
8 36
3 16
6 20
3 18
8 31
3 23
2 13
5 28
2 22
5 38
2 46
6 7
2 48
7 9
12 8
1 40
4 32
1 44
13 47
3 12
1 45
0 27
7 10
0 41
3 17
# Substrate Size
50
# Slice Type
2
#Virtual Graph
# noVertices
7
# noArcs
28
# Vertices: id cpu
0 346
1 354
2 438
3 336
4 466
5 286
6 300
# Arcs: idS idT bandwidth delay
0 1 48 196
0 2 31 196
1 2 58 196
1 3 40 196
2 3 61 196
2 4 41 196
3 4 57 196
3 5 23 196
4 5 69 196
4 0 47 196
5 6 21 196
5 0 53 196
6 0 35 196
6 1 67 196
1 0 33 196
2 0 69 196
2 1 48 196
3 1 55 196
3 2 33 196
4 2 54 196
4 3 63 196
5 3 42 196
5 4 27 196
0 4 19 196
6 5 48 196
0 5 55 196
0 6 20 196
1 6 46 196
# Mapping
50
# Mapping pairs
6 33
6 20
6 15
6 49
5 38
5 37
5 30
5 28
5 25
5 19
5 26
4 0
5 21
5 8
4 39
4 5
4 1
4 3
3 12
3 18
3 42
5 29
3 36
4 11
3 16
6 6
3 43
2 13
5 35
2 46
2 22
2 48
6 7
4 32
4 2
1 40
1 44
5 14
1 45
3 23
1 24
1 47
3 31
0 27
3 34
5 9
3 17
0 41
5 10
6 4
# Substrate Size
50
# Slice Type
2
#Virtual Graph
# noVertices
15
# noArcs
60
# Vertices: id cpu
0 354
1 216
2 242
3 258
4 374
5 228
6 230
7 490
8 224
9 248
10 376
11 346
12 310
13 490
14 308
# Arcs: idS idT bandwidth delay
0 1 63 196
0 7 10 196
1 2 13 196
1 3 46 196
2 3 54 196
2 4 48 196
3 4 23 196
3 5 64 196
4 5 68 196
4 6 17 196
5 6 15 196
5 7 67 196
6 7 50 196
6 8 34 196
7 8 47 196
7 9 28 196
8 9 37 196
8 10 15 196
9 10 32 196
9 11 33 196
10 11 37 196
10 12 39 196
11 12 49 196
11 13 52 196
12 13 41 196
12 14 39 196
13 14 60 196
13 0 52 196
14 0 34 196
14 1 57 196
1 0 28 196
7 0 41 196
2 1 19 196
3 1 22 196
3 2 20 196
4 2 34 196
4 3 68 196
5 3 19 196
5 4 13 196
6 4 11 196
6 5 20 196
7 5 66 196
7 6 63 196
8 6 17 196
8 7 43 196
9 7 16 196
9 8 43 196
10 8 68 196
10 9 44 196
11 9 21 196
11 10 51 196
12 10 32 196
12 11 43 196
13 11 65 196
13 12 68 196
14 12 14 196
14 13 49 196
0 13 58 196
0 14 46 196
1 14 21 196
# Mapping
50
# Mapping pairs
14 18
12 14
12 21
11 49
11 4
11 6
10 35
10 29
9 3
9 2
9 1
8 43
8 34
8 31
7 26
6 20
6 33
6 15
5 37
5 30
9 11
4 39
10 25
13 24
4 0
8 36
7 19
3 16
2 13
4 5
5 28
2 22
14 23
5 38
2 46
6 7
2 48
7 9
12 8
1 40
4 32
1 44
13 47
8 42
3 12
1 45
0 27
7 10
0 41
3 17
# Substrate Size
50
# Slice Type
2
#Virtual Graph
# noVertices
8
# noArcs
30
# Vertices: id cpu
0 272
1 302
2 290
3 294
4 494
5 292
6 210
7 284
# Arcs: idS idT bandwidth delay
0 1 11 196
0 2 59 196
1 2 35 196
1 3 69 196
2 5 55 196
2 4 10 196
3 4 11 196
3 5 24 196
4 5 69 196
4 6 66 196
5 2 24 196
5 7 35 196
6 7 23 196
6 0 17 196
7 3 24 196
7 1 18 196
1 0 28 196
2 0 32 196
2 1 48 196
3 1 58 196
4 2 68 196
4 3 44 196
5 3 66 196
5 4 21 196
6 4 65 196
7 5 30 196
7 6 70 196
0 6 66 196
3 7 54 196
1 7 19 196
# Mapping
50
# Mapping pairs
7 8
7 9
7 26
7 21
6 33
6 20
6 15
6 49
5 38
5 37
5 30
5 25
4 0
4 39
4 5
4 1
4 3
7 14
3 12
3 18
5 29
3 42
3 36
4 11
3 16
6 6
3 43
7 19
2 13
5 35
2 46
5 28
2 22
2 48
6 7
4 32
4 2
1 40
1 44
1 45
3 23
1 24
1 47
3 31
0 27
3 34
3 17
0 41
6 4
7 10
# Substrate Size
50
# Slice Type
2
#Virtual Graph
# noVertices
15
# noArcs
60
# Vertices: id cpu
0 226
1 304
2 188
3 266
4 108
5 356
6 376
7 354
8 264
9 320
10 348
11 238
12 382
13 344
14 380
# Arcs: idS idT bandwidth delay
0 1 21 196
0 2 23 196
1 2 48 196
1 8 12 196
2 3 21 196
2 4 27 196
3 13 54 196
3 5 13 196
4 8 19 196
4 6 21 196
5 6 41 196
5 7 68 196
6 7 12 196
6 8 54 196
7 3 68 196
7 9 56 196
8 9 14 196
8 10 11 196
9 10 15 196
9 11 49 196
10 11 56 196
10 12 33 196
11 12 44 196
11 13 25 196
12 13 47 196
12 14 66 196
13 14 32 196
13 0 17 196
14 0 20 196
14 1 63 196
1 0 24 196
2 0 20 196
2 1 26 196
8 1 44 196
3 2 18 196
4 2 14 196
13 3 44 196
5 3 69 196
8 4 33 196
6 4 62 196
6 5 60 196
7 5 26 196
7 6 27 196
8 6 30 196
3 7 48 196
9 7 53 196
9 8 43 196
10 8 16 196
10 9 69 196
11 9 39 196
11 10 11 196
12 10 67 196
12 11 11 196
13 11 26 196
13 12 53 196
14 12 41 196
14 13 66 196
0 13 30 196
0 14 39 196
1 14 68 196
# Mapping
50
# Mapping pairs
14 18
12 14
12 21
11 49
11 4
11 6
10 35
10 29
9 3
9 2
9 1
8 43
8 34
8 31
7 26
6 20
6 33
6 15
5 37
5 30
9 11
4 39
10 25
13 24
4 0
8 36
7 19
3 16
2 13
4 5
5 28
2 22
14 23
5 38
2 46
6 7
2 48
7 9
12 8
1 40
4 32
1 44
13 47
8 42
3 12
1 45
0 27
7 10
0 41
3 17
# Substrate Size
50
# Slice Type
2
#Virtual Graph
# noVertices
10
# noArcs
40
# Vertices: id cpu
0 388
1 196
2 348
3 378
4 172
5 292
6 242
7 308
8 270
9 278
# Arcs: idS idT bandwidth delay
0 1 44 196
0 2 29 196
1 2 14 196
1 3 23 196
2 3 55 196
2 4 45 196
3 0 52 196
3 5 65 196
4 5 19 196
4 6 55 196
5 6 13 196
5 7 52 196
6 7 19 196
6 8 12 196
7 8 60 196
7 9 29 196
8 9 22 196
8 0 14 196
9 0 50 196
9 1 13 196
1 0 41 196
2 0 56 196
2 1 18 196
3 1 43 196
3 2 29 196
4 2 12 196
0 3 41 196
5 3 18 196
5 4 63 196
6 4 32 196
6 5 58 196
7 5 14 196
7 6 51 196
8 6 59 196
8 7 40 196
9 7 21 196
9 8 55 196
0 8 48 196
0 9 32 196
1 9 20 196
# Mapping
50
# Mapping pairs
9 3
9 1
8 43
8 42
8 34
7 19
8 36
7 26
7 9
7 21
7 14
9 2
7 8
6 20
6 33
6 49
5 30
9 11
5 29
6 15
5 25
4 39
4 5
4 0
6 6
3 16
5 35
2 13
5 28
2 22
5 38
2 46
2 48
6 7
4 32
1 40
1 44
3 12
1 45
3 18
5 37
1 47
1 24
3 23
8 31
0 27
6 4
0 41
3 17
7 10
# Substrate Size
50
# Slice Type
2
#Virtual Graph
# noVertices
9
# noArcs
36
# Vertices: id cpu
0 81
1 90
2 69
3 144
4 138
5 141
6 129
7 129
8 93
# Arcs: idS idT bandwidth delay
0 1 7 157
0 3 2 136
1 2 16 196
1 3 4 182
2 3 12 89
2 4 4 105
3 4 9 109
3 5 10 93
4 5 8 97
4 6 18 83
5 6 10 97
5 7 16 124
6 7 16 101
6 8 14 134
7 8 10 120
7 0 9 89
8 0 7 119
8 1 3 148
1 0 2 174
3 0 4 114
2 1 7 139
3 1 16 143
3 2 9 104
4 2 4 150
4 3 16 136
5 3 4 154
5 4 17 125
6 4 11 102
6 5 2 92
7 5 5 78
7 6 19 75
8 6 3 105
8 7 18 104
0 7 11 106
0 8 7 139
1 8 8 185
# Mapping
50
# Mapping pairs
8 43
8 42
8 34
7 19
8 36
7 26
7 9
7 21
7 8
6 20
6 33
6 15
6 49
5 30
5 29
5 25
4 39
4 0
4 5
4 1
4 3
7 14
4 11
3 16
6 6
5 35
2 13
5 28
2 22
5 38
2 46
2 48
6 7
4 32
4 2
1 40
1 44
3 12
1 45
3 18
5 37
1 47
1 24
3 23
8 31
0 27
0 41
3 17
6 4
7 10
# Substrate Size
50
# Slice Type
3
#Virtual Graph
# noVertices
15
# noArcs
60
# Vertices: id cpu
0 99
1 114
2 111
3 138
4 117
5 153
6 105
7 141
8 138
9 63
10 159
11 162
12 102
13 141
14 93
# Arcs: idS idT bandwidth delay
0 1 4 157
0 2 11 150
1 2 8 196
1 3 15 169
2 3 10 76
2 4 5 105
3 4 3 109
3 5 20 83
4 5 2 89
4 6 7 75
5 6 19 91
5 7 19 118
6 7 15 92
6 8 10 125
7 8 14 116
7 9 9 71
8 4 15 114
8 10 10 98
9 10 5 82
9 11 9 68
10 11 17 86
10 13 17 168
11 12 20 101
11 13 14 145
12 13 15 131
12 14 16 117
13 14 2 153
13 0 8 145
14 0 2 108
14 1 3 137
1 0 13 174
2 0 6 110
2 1 16 139
3 1 18 143
3 2 5 102
4 2 8 142
4 3 3 115
5 3 3 135
5 4 10 119
6 4 2 93
6 5 8 83
7 5 16 74
7 6 8 67
8 6 18 97
8 7 3 104
9 7 7 106
4 8 19 131
10 8 14 157
10 9 5 104
11 9 16 81
11 10 4 77
13 10 12 124
12 11 3 61
13 11 12 124
13 12 13 123
14 12 11 86
14 13 15 130
0 13 14 150
0 14 4 136
1 14 2 182
# Mapping
50
# Mapping pairs
14 18
12 14
12 21
11 49
11 4
11 6
10 35
10 29
9 3
9 2
9 1
8 43
8 34
8 31
7 26
6 20
6 33
6 15
5 37
5 30
9 11
4 39
10 25
13 24
4 0
8 36
7 19
3 16
2 13
4 5
5 28
2 22
14 23
5 38
2 46
6 7
2 48
7 9
12 8
1 40
4 32
1 44
13 47
8 42
3 12
1 45
0 27
7 10
0 41
3 17
# Substrate Size
50
# Slice Type
3
#Virtual Graph
# noVertices
11
# noArcs
44
# Vertices: id cpu
0 78
1 102
2 150
3 87
4 180
5 72
6 153
7 117
8 102
9 150
10 120
# Arcs: idS idT bandwidth delay
0 1 7 157
0 2 2 150
1 2 5 196
1 3 13 182
2 3 8 89
2 4 10 105
3 4 4 109
3 5 4 83
4 10 19 83
4 6 19 83
5 6 5 91
5 7 12 118
6 7 4 101
6 8 13 134
7 8 11 120
7 9 5 71
8 9 10 101
8 10 3 98
9 10 3 82
9 0 18 104
10 2 2 168
10 1 10 175
1 0 14 174
2 0 15 110
2 1 11 139
3 1 19 143
3 2 2 104
4 2 15 142
4 3 7 128
5 3 7 148
10 4 9 125
6 4 17 102
6 5 17 92
7 5 3 78
7 6 20 75
8 6 13 105
8 7 8 104
9 7 14 106
9 8 15 139
10 8 2 157
10 9 17 104
0 9 17 86
2 10 6 89
1 10 2 153
# Mapping
50
# Mapping pairs
10 35
10 29
9 3
9 1
8 43
8 42
8 34
7 19
8 36
7 26
7 9
7 21
7 14
9 2
6 33
6 15
6 49
5 30
9 11
4 39
10 25
4 5
4 0
6 6
3 16
7 8
2 13
5 28
2 22
5 38
2 46
6 7
2 48
4 32
1 40
1 44
3 12
1 45
6 20
3 18
5 37
1 47
1 24
3 23
8 31
0 27
6 4
0 41
3 17
7 10
# Substrate Size
50
# Slice Type
3
#Virtual Graph
# noVertices
11
# noArcs
44
# Vertices: id cpu
0 84
1 126
2 99
3 156
4 51
5 126
6 159
7 171
8 135
9 135
10 54
# Arcs: idS idT bandwidth delay
0 1 9 157
0 2 4 150
1 2 7 196
1 3 17 182
2 3 6 89
2 9 4 92
3 4 9 109
3 5 16 83
4 5 10 89
4 6 4 83
5 6 10 91
5 7 8 118
6 7 13 101
6 8 19 134
7 8 11 120
7 10 20 68
8 9 3 101
8 10 15 98
9 10 9 82
9 0 10 104
10 3 4 154
10 1 4 175
1 0 2 174
2 0 7 110
2 1 16 139
3 1 3 143
3 2 6 104
9 2 17 150
4 3 3 128
5 3 15 148
5 4 9 119
6 4 3 102
6 5 18 92
7 5 18 78
7 6 8 75
8 6 20 105
8 7 7 104
10 7 2 124
9 8 9 139
10 8 6 157
10 9 2 104
0 9 15 86
3 10 18 93
1 10 16 153
# Mapping
50
# Mapping pairs
10 35
10 29
9 3
9 1
8 43
8 42
8 34
7 19
8 36
7 26
7 9
7 21
7 14
9 2
6 33
6 15
6 49
5 30
9 11
4 39
10 25
4 5
4 0
6 6
3 16
7 8
2 13
5 28
2 22
5 38
2 46
6 7
2 48
4 32
1 40
1 44
3 12
1 45
6 20
3 18
5 37
1 47
1 24
3 23
8 31
0 27
6 4
0 41
3 17
7 10
# Substrate Size
50
# Slice Type
3
#Virtual Graph
# noVertices
15
# noArcs
60
# Vertices: id cpu
0 66
1 135
2 105
3 120
4 135
5 180
6 186
7 189
8 207
9 96
10 189
11 168
12 75
13 126
14 81
# Arcs: idS idT bandwidth delay
0 1 15 157
0 2 2 150
1 2 16 196
1 3 6 169
2 3 9 76
2 4 7 105
3 4 4 109
3 5 6 83
4 5 19 89
4 6 8 75
5 6 7 91
5 7 16 118
6 7 20 92
6 8 16 125
7 8 18 116
7 9 20 71
8 11 17 105
8 10 20 98
9 10 14 82
9 11 4 68
10 11 20 86
10 12 17 124
11 12 6 101
11 13 17 145
12 13 3 131
12 14 4 117
13 14 5 153
13 0 6 145
14 0 2 108
14 1 12 137
1 0 15 174
2 0 15 110
2 1 4 139
3 1 20 143
3 2 10 102
4 2 2 142
4 3 16 115
5 3 20 135
5 4 17 119
6 4 8 93
6 5 18 83
7 5 8 74
7 6 17 67
8 6 15 97
8 7 17 104
9 7 14 106
11 8 15 134
10 8 20 157
10 9 6 104
11 9 14 81
11 10 4 77
12 10 14 64
12 11 4 61
13 11 11 124
13 12 20 123
14 12 4 86
14 13 9 130
0 13 2 150
0 14 3 136
1 14 8 182
# Mapping
50
# Mapping pairs
14 18
12 14
12 21
11 49
11 4
11 6
10 35
10 29
9 3
9 2
9 1
8 43
8 34
8 31
7 26
6 20
6 33
6 15
5 37
5 30
9 11
4 39
10 25
13 24
4 0
8 36
7 19
3 16
2 13
4 5
5 28
2 22
14 23
5 38
2 46
6 7
2 48
7 9
12 8
1 40
4 32
1 44
13 47
8 42
3 12
1 45
0 27
7 10
0 41
3 17
# Substrate Size
50
# Slice Type
3
#Virtual Graph
# noVertices
9
# noArcs
36
# Vertices: id cpu
0 183
1 108
2 207
3 189
4 102
5 66
6 156
7 135
8 102
# Arcs: idS idT bandwidth delay
0 1 19 157
0 2 19 150
1 2 15 196
1 3 9 182
2 3 7 89
2 4 19 105
3 4 19 109
3 6 18 100
4 5 9 97
4 6 6 83
5 6 14 97
5 7 5 124
6 2 5 145
6 8 16 134
7 8 19 120
7 0 16 89
8 0 6 119
8 1 9 148
1 0 8 174
2 0 18 110
2 1 14 139
3 1 10 143
3 2 16 104
4 2 5 150
4 3 14 136
6 3 16 131
5 4 3 125
6 4 9 102
6 5 6 92
7 5 10 78
2 6 11 96
8 6 17 105
8 7 2 104
0 7 12 106
0 8 11 139
1 8 4 185
# Mapping
50
# Mapping pairs
8 43
8 42
8 34
7 19
8 36
7 26
7 9
7 21
7 8
6 20
6 33
6 15
6 49
5 30
5 29
5 25
4 39
4 0
4 5
4 1
4 3
7 14
4 11
3 16
6 6
5 35
2 13
5 28
2 22
5 38
2 46
2 48
6 7
4 32
4 2
1 40
1 44
3 12
1 45
3 18
5 37
1 47
1 24
3 23
8 31
0 27
0 41
3 17
6 4
7 10
# Substrate Size
50
# Slice Type
3
#Virtual Graph
# noVertices
10
# noArcs
40
# Vertices: id cpu
0 99
1 144
2 111
3 138
4 117
5 114
6 153
7 168
8 117
9 156
# Arcs: idS idT bandwidth delay
0 1 3 157
0 6 6 90
1 2 2 196
1 3 14 182
2 3 15 89
2 4 17 105
3 4 2 109
3 5 19 93
4 5 6 89
4 6 17 83
5 6 8 97
5 7 11 124
6 7 4 101
6 8 17 134
7 8 20 120
7 9 10 71
8 9 10 101
8 0 10 119
9 0 16 104
9 1 2 157
1 0 18 174
6 0 9 99
2 1 5 139
3 1 8 143
3 2 17 104
4 2 11 142
4 3 5 128
5 3 8 154
5 4 11 125
6 4 2 102
6 5 19 92
7 5 16 78
7 6 10 75
8 6 9 105
8 7 10 104
9 7 17 106
9 8 17 139
0 8 10 139
0 9 14 86
1 9 14 156
# Mapping
50
# Mapping pairs
9 3
9 1
8 43
8 42
8 34
7 19
8 36
7 26
7 9
7 21
7 14
9 2
7 8
6 20
6 33
6 49
5 30
9 11
5 29
6 15
5 25
4 39
4 5
4 0
6 6
3 16
5 35
2 13
5 28
2 22
5 38
2 46
2 48
6 7
4 32
1 40
1 44
3 12
1 45
3 18
5 37
1 47
1 24
3 23
8 31
0 27
6 4
0 41
3 17
7 10
# Substrate Size
50
# Slice Type
3
#Virtual Graph
# noVertices
15
# noArcs
60
# Vertices: id cpu
0 108
1 126
2 105
3 66
4 105
5 96
6 114
7 159
8 144
9 198
10 120
11 114
12 198
13 192
14 132
# Arcs: idS idT bandwidth delay
0 1 9 157
0 2 14 150
1 2 13 196
1 3 20 169
2 3 10 76
2 4 11 105
3 4 6 109
3 5 7 83
4 5 2 89
4 6 8 75
5 2 19 162
5 7 7 118
6 7 7 92
6 8 15 125
7 8 16 116
7 9 14 71
8 9 16 101
8 10 15 98
9 10 11 82
9 11 17 68
10 11 18 86
10 12 18 124
11 12 10 101
11 13 5 145
12 13 17 131
12 14 20 117
13 14 17 153
13 0 10 145
14 0 6 108
14 1 12 137
1 0 3 174
2 0 5 110
2 1 2 139
3 1 6 143
3 2 3 102
4 2 10 142
4 3 15 115
5 3 4 135
5 4 2 119
6 4 16 93
2 5 7 79
7 5 18 74
7 6 5 67
8 6 6 97
8 7 11 104
9 7 19 106
9 8 19 139
10 8 2 157
10 9 2 104
11 9 17 81
11 10 6 77
12 10 10 64
12 11 19 61
13 11 17 124
13 12 20 123
14 12 8 86
14 13 18 130
0 13 5 150
0 14 8 136
1 14 6 182
# Mapping
50
# Mapping pairs
14 18
12 14
12 21
11 49
11 4
11 6
10 35
10 29
9 3
9 2
9 1
8 43
8 34
8 31
7 26
6 20
6 33
6 15
5 37
5 30
9 11
4 39
10 25
13 24
4 0
8 36
7 19
3 16
2 13
4 5
5 28
2 22
14 23
5 38
2 46
6 7
2 48
7 9
12 8
1 40
4 32
1 44
13 47
8 42
3 12
1 45
0 27
7 10
0 41
3 17
# Substrate Size
50
# Slice Type
3
#Virtual Graph
# noVertices
13
# noArcs
52
# Vertices: id cpu
0 99
1 165
2 117
3 210
4 132
5 135
6 162
7 54
8 84
9 114
10 120
11 174
12 105
# Arcs: idS idT bandwidth delay
0 1 9 157
0 2 12 150
1 4 13 169
1 3 11 182
2 3 13 89
2 4 12 105
3 4 18 109
3 5 15 83
4 5 10 89
4 6 11 75
5 6 19 91
5 7 16 118
6 7 18 92
6 8 16 125
7 8 2 116
7 9 2 71
8 9 18 101
8 10 6 98
9 10 10 82
9 11 10 68
10 11 15 86
10 12 9 124
11 12 13 101
11 0 20 99
12 0 8 85
12 1 20 138
1 0 17 174
2 0 14 110
4 1 7 149
3 1 18 143
3 2 19 104
4 2 4 142
4 3 12 128
5 3 5 148
5 4 5 119
6 4 10 93
6 5 10 83
7 5 5 74
7 6 9 67
8 6 2 97
8 7 2 104
9 7 14 106
9 8 4 139
10 8 12 157
10 9 4 104
11 9 10 81
11 10 15 77
12 10 4 64
12 11 3 61
0 11 5 90
0 12 7 106
1 12 14 152
# Mapping
50
# Mapping pairs
12 14
12 21
11 49
11 6
10 35
10 29
9 3
9 2
9 1
8 43
8 42
8 34
7 26
6 33
6 15
5 30
9 11
4 39
10 25
4 5
4 0
7 19
8 36
3 16
2 13
5 28
2 22
5 38
2 46
6 7
2 48
7 9
12 8
4 32
1 40
1 44
3 12
1 45
6 20
3 18
5 37
1 47
11 4
1 24
3 23
8 31
0 27
7 10
0 41
3 17
# Substrate Size
50
# Slice Type
3
#Virtual Graph
# noVertices
13
# noArcs
52
# Vertices: id cpu
0 189
1 198
2 123
3 138
4 99
5 78
6 111
7 132
8 138
9 57
10 144
11 114
12 195
# Arcs: idS idT bandwidth delay
0 1 19 157
0 2 19 150
1 2 18 196
1 3 8 182
2 3 8 89
2 4 12 105
3 4 7 109
3 10 3 93
4 5 2 89
4 6 8 75
5 6 7 91
5 7 6 118
6 7 10 92
6 2 10 136
7 8 4 116
7 1 13 134
8 9 16 101
8 10 15 98
9 10 5 82
9 11 6 68
10 11 20 86
10 12 5 124
11 12 5 101
11 0 14 99
12 0 16 85
12 1 18 138
1 0 20 174
2 0 9 110
2 1 2 139
3 1 18 143
3 2 18 104
4 2 7 142
4 3 16 128
10 3 17 154
5 4 13 119
6 4 2 93
6 5 15 83
7 5 11 74
7 6 16 67
2 6 10 88
8 7 15 104
1 7 18 152
9 8 8 139
10 8 4 157
10 9 2 104
11 9 8 81
11 10 11 77
12 10 18 64
12 11 13 61
0 11 18 90
0 12 7 106
1 12 2 152
# Mapping
50
# Mapping pairs
12 14
12 21
11 49
11 6
10 35
10 29
9 3
9 2
9 1
8 43
8 42
8 34
7 26
6 33
6 15
5 30
9 11
4 39
10 25
4 5
4 0
7 19
8 36
3 16
2 13
5 28
2 22
5 38
2 46
6 7
2 48
7 9
12 8
4 32
1 40
1 44
3 12
1 45
6 20
3 18
5 37
1 47
11 4
1 24
3 23
8 31
0 27
7 10
0 41
3 17
# Substrate Size
50
# Slice Type
3
